3.96528	-8.13183	-0.602039	-1.62566	10.8377	3.74788	4.65778	-3.27772	-0.0515373	-0.922963	10.1329	3.63824	4.54565	-3.33077	-0.0297472	-1.09795	10.2226	3.64424	4.20536	-6.05908	-0.364843	-1.57368	10.8849	3.86701	4.66802	-3.2515	-0.0401894	-0.89605	10.0894	3.65381	4.59907	-3.19986	-0.0141987	-1.08205	10.01	3.64323	
4.50884	-4.98149	-0.184457	-2.26064	10.5352	3.89695	4.72603	-3.25786	-0.0172165	-1.08691	10.0128	3.7327	4.6275	-3.14558	-0.00814137	-0.869463	9.99851	3.64166	4.60465	-4.40751	-0.139647	-1.51497	10.3932	3.92898	4.67711	-3.20513	-0.0138966	-0.867741	10.0142	3.68804	4.59559	-3.16738	-0.00968067	-0.91547	9.9973	3.64113	
3.98968	-5.94061	-0.382749	-2.11965	10.882	3.83562	4.66355	-3.13852	-0.00855733	-0.941253	10	3.64173	4.6445	-3.135	-0.00912206	-0.982149	10	3.64	4.13449	-4.91871	-0.200796	-1.64566	10.5865	3.90728	4.68303	-3.14386	-0.0102905	-0.738201	10	3.65029	4.64591	-3.16167	-0.0102486	-0.791356	10	3.64338	
3.87156	-6.4835	-0.362219	-1.85683	10.499	3.79913	4.68642	-3.13388	-0.00649013	-0.611021	10.0036	3.64792	4.66978	-3.12867	-0.00795702	-0.683337	10	3.64	3.92892	-5.24931	-0.228376	-1.73754	10.7996	3.86449	4.671	-3.13457	-0.0114787	-0.656072	10	3.64172	4.68931	-3.14409	-0.0104428	-0.819775	10	3.64755	
4.89046	-3.78765	-0.140987	-2.26945	10.6067	3.9256	4.76832	-3.30879	-0.0236845	-1.19514	10	3.77555	4.66546	-3.13264	-0.0115758	-0.67995	10	3.64	4.74658	-4.20532	-0.125724	-2.32348	10.5435	3.8085	4.68906	-3.19271	-0.0119235	-0.880509	10	3.68943	4.70684	-3.1086	-0.00465814	-0.819027	9.97389	3.64984	
4.08754	-6.8783	-0.460497	-1.66652	10.618	3.79032	4.67833	-3.14262	-0.00893053	-0.834881	10	3.6535	4.681	-3.13186	-0.00911632	-0.809646	10	3.64	4.14784	-4.77417	-0.151678	-1.7999	10.2416	3.91906	4.66201	-3.13255	-0.0100388	-0.74482	10	3.63794	4.58195	-3.18914	-0.0134134	-1.06537	10.0392	3.64297	
4.11451	-6.39688	-0.344481	-2.25744	10.7566	3.76307	4.69356	-3.20262	-0.0108873	-1.00216	10.0115	3.69495	4.65315	-3.13565	-0.00946782	-0.878324	10	3.64	4.24831	-5.7794	-0.481226	-1.74549	11.0818	3.83739	4.6645	-3.16139	-0.00852191	-0.812868	10	3.66757	4.60658	-3.15427	-0.00909166	-1.17042	10.0406	3.64434	
3.89092	-7.14841	-0.47844	-1.77483	10.9601	3.80839	4.67994	-3.12976	-0.00923485	-0.654279	10	3.63734	4.66589	-3.13369	-0.00939194	-0.797732	10	3.64	4.07277	-5.67578	-0.363172	-1.62189	10.617	3.89475	4.67463	-3.12841	-0.00989206	-0.715491	10	3.63813	4.62191	-3.14473	-0.00979924	-0.991612	10.0184	3.64042	
4.74699	-3.7644	-0.0961466	-2.59413	10.4596	3.9293	4.69464	-3.36777	-0.0217438	-1.24918	10	3.83036	4.66418	-3.13258	-0.00909596	-1.03589	10	3.64	4.96319	-3.8539	-0.0775045	-2.35261	10.5705	3.89246	4.68739	-3.21511	-0.0118919	-1.00152	10	3.70952	4.65958	-3.15033	-0.00853353	-0.943837	10	3.65131	
4.7342	-4.17899	-0.08964	-1.88892	10.3267	3.92282	4.69235	-3.31438	-0.0147203	-1.08963	10	3.7984	4.66461	-3.13268	-0.0111439	-0.789142	10	3.64	4.73399	-3.99247	-0.0756686	-1.88872	10.481	3.88343	4.66526	-3.19275	-0.0108694	-0.801474	10.001	3.69023	4.6253	-3.15866	-0.0109472	-1.12769	10.0369	3.64431	
4.45642	-4.73126	-0.158982	-2.05366	10.5002	3.8518	4.6697	-3.16105	-0.0119215	-0.908501	10	3.66142	4.64624	-3.13182	-0.00899193	-0.771559	10	3.64	4.32931	-4.27344	-0.0864418	-1.80477	10.5417	3.87671	4.68743	-3.1336	-0.00879461	-0.86298	10	3.64	4.60968	-3.15929	-0.01282	-1.23023	10.0251	3.64	
4.15658	-4.56145	-0.118243	-2.02971	10.3929	3.86962	4.69271	-3.19627	-0.0114717	-0.996725	10	3.6933	4.69051	-3.13161	-0.0105126	-0.838845	10	3.64	4.16405	-4.57008	-0.168158	-2.01116	10.529	3.87322	4.64057	-3.14775	-0.0114388	-0.787279	10	3.65372	4.64322	-3.14499	-0.0080326	-1.02264	9.98019	3.64474	
4.14162	-5.53762	-0.221114	-1.99529	10.7819	3.80587	4.70301	-3.08068	0.0030124	-0.826035	9.9906	3.66811	4.66248	-3.06083	-0.000329736	-0.86873	9.99148	3.63624	3.89292	-5.3597	-0.284661	-1.68334	10.6045	3.85616	4.72945	-3.0225	0.00103872	-0.618168	9.98349	3.61936	4.6371	-3.11326	-0.00347371	-1.12027	10.0068	3.63411	
4.65316	-4.20623	-0.120416	-2.09261	10.6536	3.89342	4.70275	-3.25704	-0.0166647	-1.03447	10	3.75856	4.68451	-3.12976	-0.00826643	-0.781357	10	3.64	4.58267	-4.29013	-0.0887007	-1.78539	10.4137	3.85482	4.66881	-3.17229	-0.00866993	-0.768365	10	3.6765	4.63742	-3.12184	-0.00624367	-0.981224	10	3.64414	
4.61332	-3.64033	-0.0520602	-2.18144	10.6206	3.86879	4.6963	-3.24351	-0.0144021	-1.11139	10	3.72689	4.68389	-3.13377	-0.0100309	-0.845033	10	3.64	4.43943	-4.25551	-0.0605823	-2.03592	10.3105	3.89373	4.72192	-3.16853	-0.0131897	-0.879208	10	3.67234	4.62792	-3.14062	-0.00976023	-0.959123	10	3.64	
3.92791	-6.63309	-0.37852	-2.03804	10.5785	3.77493	4.63565	-3.14067	-0.00771925	-0.743933	10	3.6481	4.66753	-3.13775	-0.0122835	-0.791416	10	3.64	3.97634	-5.7384	-0.375377	-1.73876	10.9751	3.83782	4.65756	-3.12978	-0.00855342	-0.726649	10	3.63801	4.65801	-3.13824	-0.00859589	-0.911301	10.0165	3.64	
4.23779	-6.67986	-0.548528	-1.83978	10.8209	3.86187	4.70653	-3.15824	-0.0100496	-0.791157	10	3.66717	4.65743	-3.13155	-0.0100588	-0.717676	10	3.64	4.18783	-6.46841	-0.571288	-2.05922	10.7787	3.83424	4.68267	-3.13193	-0.00977249	-0.729743	10	3.64	4.64572	-3.13791	-0.0103226	-1.01035	10	3.64	
4.47528	-4.93619	-0.194061	-2.07606	10.6881	3.89972	4.70853	-3.23306	-0.0149267	-0.998429	9.99629	3.73175	4.68007	-3.13237	-0.0112373	-0.721706	10	3.64	4.5699	-4.21004	-0.126807	-2.002	10.4146	3.89926	4.67951	-3.15735	-0.0116985	-0.759057	10	3.66475	4.69891	-3.13128	-0.00681815	-0.806614	10	3.64	
4.12657	-6.89351	-0.482078	-1.68265	10.7953	3.8487	4.64544	-3.14689	-0.0134093	-0.888435	10	3.64861	4.68952	-3.13013	-0.00886025	-0.732275	10.01	3.64	4.22717	-5.39643	-0.257215	-2.17459	10.8308	3.92425	4.64883	-3.13583	-0.0112034	-0.716053	10	3.64433	4.6289	-3.143	-0.00930592	-0.954631	10	3.64	
4.88346	-3.39655	-0.00729897	-2.44275	10.4022	4.00168	4.74101	-3.34393	-0.0191592	-1.0781	10.0086	3.82138	4.66425	-3.13355	-0.00881031	-0.844981	10	3.64	4.7105	-3.93178	-0.0499148	-2.2758	10.359	3.92753	4.71415	-3.19819	-0.012229	-0.832197	10	3.70353	4.60504	-3.22856	-0.0150589	-1.21903	10.07	3.65012	
4.17216	-5.29204	-0.210576	-2.06383	10.6554	3.82299	4.6402	-3.16924	-0.00931084	-0.949617	10	3.67365	4.68475	-3.13255	-0.011608	-0.728485	10	3.64	4.13044	-4.74777	-0.162911	-2.13826	10.5126	3.86661	4.70024	-3.16606	-0.0104958	-0.848847	10	3.66836	4.63557	-3.16018	-0.0101573	-0.979173	10	3.65247	
4.46694	-4.04882	-0.103212	-2.15812	10.3084	3.89528	4.63186	-3.28022	-0.0161714	-1.15067	10.0556	3.76742	4.64267	-3.13344	-0.0085456	-0.842425	10.0131	3.64	4.44283	-4.08331	-0.0856978	-2.4196	10.4518	3.87869	4.68949	-3.16698	-0.0090795	-0.924996	10	3.67545	4.59098	-3.19637	-0.0152267	-1.2642	10.0611	3.64	
3.935	-7.15788	-0.535319	-2.06241	10.9144	3.79515	4.65285	-3.1513	-0.00845631	-0.824412	9.99182	3.65852	4.67122	-3.12819	-0.00813409	-0.715485	10	3.64	4.1338	-5.10183	-0.20892	-1.86419	10.4652	3.84862	4.70182	-3.13912	-0.0111873	-0.704791	10	3.64622	4.70555	-3.09113	-0.00522591	-0.980136	10.0019	3.641	
3.89854	-5.75027	-0.231141	-2.11041	10.4095	3.80234	4.64225	-3.15307	-0.0074614	-0.860648	10	3.65556	4.64661	-3.13306	-0.00847712	-0.93702	10	3.64	4.03064	-4.80517	-0.114836	-1.92836	10.3715	3.84876	4.66358	-3.13307	-0.012154	-0.72568	10	3.63899	4.57994	-3.15567	-0.00913319	-1.14985	10.0236	3.64	
4.06414	-6.6687	-0.556263	-1.59962	11.1408	3.86323	4.70299	-3.12479	-0.00966606	-0.754171	9.99067	3.63762	4.63378	-3.13161	-0.0110271	-0.756863	9.99885	3.6391	4.06338	-5.73779	-0.309542	-1.64335	10.46	3.85391	4.6282	-3.14347	-0.0109448	-0.764997	10	3.6397	4.66398	-3.15839	-0.0145216	-1.01089	10.1051	3.6401	
4.11676	-6.30261	-0.431677	-1.7372	10.5654	3.85807	4.64502	-3.15302	-0.0133908	-0.865259	10.0493	3.64	4.66726	-3.14733	-0.0120406	-0.733833	10	3.64	4.01427	-4.94755	-0.195638	-1.96182	10.4897	3.87757	4.6536	-3.14549	-0.00873472	-0.803116	10	3.64897	4.60093	-3.21577	-0.0194258	-1.19423	10.0472	3.65949	
3.86927	-5.46998	-0.220376	-2.21885	10.617	3.84391	4.67714	-3.13772	-0.0106616	-0.737526	10	3.64284	4.70825	-3.1328	-0.0123557	-0.656852	10	3.64	3.91877	-5.91428	-0.31057	-1.72588	10.8491	3.83525	4.68556	-3.13116	-0.00947957	-0.731882	10	3.64	4.65065	-3.13344	-0.00811781	-0.802492	10	3.64	
4.06959	-6.15236	-0.41199	-1.83242	10.8167	3.876	4.69062	-3.13536	-0.00860466	-0.795675	10	3.64	4.67057	-3.13092	-0.0100834	-0.693116	10	3.64	3.99488	-5.49621	-0.269527	-1.96506	10.3799	3.86697	4.6644	-3.13243	-0.011097	-0.753275	10	3.64	4.66046	-3.13515	-0.00805403	-0.814805	10	3.64	
4.00783	-6.32216	-0.381721	-1.91369	10.4769	3.88707	4.70002	-3.13763	-0.00866444	-0.765121	10	3.64503	4.69357	-3.13029	-0.0105013	-0.670455	10	3.64	3.94366	-5.9701	-0.353732	-1.74198	10.5382	3.87021	4.66498	-3.13249	-0.0101577	-0.677265	10	3.64	4.65712	-3.13348	-0.00702223	-0.765583	10	3.64	
3.92243	-6.78966	-0.535305	-1.85796	11.1262	3.85154	4.6734	-3.13498	-0.0114361	-0.778951	10	3.64	4.67891	-3.13214	-0.0116341	-0.669832	10	3.64	4.07077	-6.6708	-0.499082	-1.82481	11.1697	3.85346	4.69227	-3.13151	-0.00974902	-0.696183	10	3.64	4.63151	-3.13456	-0.00761878	-0.773076	10	3.64	
4.03581	-6.33465	-0.481199	-1.74678	10.9226	3.78506	4.71894	-3.13296	-0.00920779	-0.857243	10	3.64008	4.66489	-3.12864	-0.00847974	-0.670062	10	3.64	4.02837	-6.66905	-0.482851	-1.91901	10.9733	3.83522	4.70852	-3.13334	-0.0102326	-0.727833	10	3.64	4.6391	-3.13646	-0.00833136	-0.833403	10	3.64	
4.03745	-6.59197	-0.49539	-1.92515	10.9852	3.82322	4.68574	-3.13564	-0.00974208	-0.7536	10	3.64	4.69281	-3.13054	-0.0103314	-0.652044	10	3.64	3.97194	-6.22592	-0.421513	-1.78597	10.8861	3.85284	4.67299	-3.1319	-0.00859366	-0.710718	10	3.64	4.68206	-3.13869	-0.0110325	-0.719085	10	3.64	
3.94911	-7.76667	-0.635372	-1.81951	10.598	3.80079	4.64928	-3.14192	-0.00670378	-0.717377	10	3.64926	4.70224	-3.13301	-0.0133398	-0.684331	10	3.64	3.90837	-6.2079	-0.445417	-1.81745	10.609	3.83557	4.65159	-3.13237	-0.00877773	-0.747378	10	3.64	4.68048	-3.13718	-0.0103688	-0.802484	10	3.64	
4.02579	-7.16158	-0.568463	-2.01499	10.8057	3.82399	4.64823	-3.13285	-0.00784454	-0.723939	10	3.64	4.67948	-3.13182	-0.0109623	-0.68374	10	3.64	3.91399	-6.01798	-0.345689	-1.95082	10.6327	3.845	4.69945	-3.13379	-0.0135268	-0.69402	10	3.64	4.67465	-3.13943	-0.00962935	-0.796555	10	3.64	
3.89707	-6.63956	-0.391779	-1.90006	10.3007	3.79412	4.6594	-3.13531	-0.0103354	-0.836604	10	3.64	4.68923	-3.12918	-0.00936965	-0.67992	10	3.64	3.94244	-6.11768	-0.370886	-1.7108	10.7914	3.81431	4.67577	-3.13362	-0.0115241	-0.711875	10	3.64	4.67392	-3.13739	-0.00967254	-0.786393	10	3.64	
4.09839	-8.14323	-0.812328	-1.9286	10.799	3.82951	4.63688	-3.13548	-0.00732533	-0.79167	10	3.64	4.67735	-3.13175	-0.0104772	-0.758015	10	3.64	3.99495	-6.1172	-0.336965	-1.64776	10.8244	3.89559	4.68475	-3.13168	-0.0105071	-0.667238	10	3.63999	4.69587	-3.13469	-0.0107833	-0.829866	10	3.64	
3.89266	-6.39999	-0.422519	-1.70654	10.741	3.83756	4.62148	-3.13436	-0.00788565	-0.740242	10	3.64	4.67185	-3.13202	-0.0116044	-0.659797	10	3.64	3.93164	-5.76428	-0.344835	-1.83275	10.4715	3.85979	4.69643	-3.13145	-0.0100906	-0.703257	10	3.64	4.67039	-3.13925	-0.0102396	-0.815012	10	3.64	
3.91484	-6.29586	-0.452006	-1.80441	11.0805	3.86773	4.65546	-3.13529	-0.00899408	-0.78232	10	3.63827	4.67668	-3.13221	-0.0118044	-0.65849	10	3.64	3.85657	-5.9245	-0.258328	-1.4066	10.2353	3.82298	4.69461	-3.13159	-0.00986645	-0.750505	10	3.64	4.71357	-3.13608	-0.0107407	-0.901362	10	3.64	
3.98384	-6.94026	-0.543329	-1.65571	10.5258	3.83395	4.6616	-3.14521	-0.0100118	-0.709987	10	3.65168	4.67416	-3.13172	-0.0108701	-0.667504	10	3.64	4.05504	-6.00232	-0.434182	-1.60469	10.8919	3.82959	4.68187	-3.13539	-0.00874325	-0.700667	10	3.64361	4.66801	-3.13323	-0.00661312	-0.774137	10	3.64	
3.97132	-5.68189	-0.299115	-1.98321	10.3337	3.80297	4.64661	-3.1523	-0.0102701	-0.836439	10	3.64	4.67504	-3.13162	-0.00929314	-0.712856	10	3.64	4.11466	-5.16533	-0.273724	-1.9611	10.7325	3.87964	4.68389	-3.13175	-0.0127334	-0.752659	10	3.64	4.67752	-3.13998	-0.00825191	-0.775292	10	3.64	
3.9339	-6.48963	-0.353377	-1.91651	10.5477	3.83891	4.65937	-3.13384	-0.0088445	-0.742185	10	3.64	4.65125	-3.13001	-0.0088882	-0.693469	10	3.64	3.89672	-5.67824	-0.262045	-1.82506	10.5852	3.84706	4.68993	-3.13406	-0.0114276	-0.734483	10	3.64	4.68064	-3.13564	-0.00858309	-0.903929	10	3.64	
4.22732	-5.90633	-0.347712	-1.79661	10.6794	3.88133	4.6756	-3.13425	-0.00741562	-0.850594	10	3.64172	4.68497	-3.13066	-0.0111053	-0.675757	10	3.64	4.02937	-5.79511	-0.302209	-1.6709	10.6579	3.89442	4.68088	-3.14146	-0.0105037	-0.7851	10	3.64688	4.67848	-3.13976	-0.0106823	-0.763772	10	3.64172	
4.05194	-6.03543	-0.432059	-1.79074	11.0289	3.87535	4.70525	-3.14042	-0.00754232	-0.783897	10	3.64722	4.66482	-3.13003	-0.00983563	-0.68012	10	3.64	3.85083	-5.80875	-0.380113	-1.82065	10.8088	3.85919	4.65863	-3.1333	-0.00935997	-0.717081	10	3.64	4.69539	-3.13619	-0.00794916	-0.854804	10	3.64	
4.00503	-6.01692	-0.365058	-1.91633	10.5754	3.8398	4.68292	-3.13357	-0.00877521	-0.762324	10	3.64	4.70338	-3.13164	-0.0122451	-0.673967	10	3.64	4.01878	-5.82307	-0.455968	-1.88435	10.9541	3.82054	4.66615	-3.13449	-0.0117504	-0.721702	10	3.64	4.62931	-3.1379	-0.00957132	-0.749753	10	3.64	
3.98074	-6.4218	-0.470339	-1.81111	11.3341	3.86107	4.6852	-3.13424	-0.0115346	-0.835728	10	3.64	4.68979	-3.1318	-0.0117635	-0.665528	10	3.64	3.85505	-5.60369	-0.335592	-1.70869	11.0719	3.8831	4.66001	-3.13291	-0.00870742	-0.713499	10	3.64	4.67823	-3.13568	-0.00921754	-0.833186	10	3.64	
4.00921	-7.60346	-0.716785	-1.77762	11.0735	3.80691	4.6652	-3.13381	-0.0090289	-0.734985	10	3.64	4.67325	-3.13054	-0.00989525	-0.675831	10	3.64	3.93849	-6.73751	-0.493347	-1.69368	10.8615	3.8234	4.67084	-3.13207	-0.00961363	-0.725119	10	3.64	4.67463	-3.13513	-0.0087096	-0.758568	10	3.64	
4.10021	-6.29439	-0.56516	-1.9372	11.1562	3.84165	4.66912	-3.14258	-0.0106294	-0.715031	10	3.64722	4.68442	-3.13097	-0.0103894	-0.671856	10	3.64	4.10484	-5.6142	-0.305082	-1.45312	10.673	3.88861	4.65977	-3.13406	-0.00981116	-0.699321	10	3.64	4.65482	-3.13325	-0.00633064	-0.731297	10	3.64	
4.07418	-8.29298	-0.686514	-1.74487	10.6416	3.78109	4.65841	-3.13454	-0.00958641	-0.752536	10	3.64	4.69105	-3.12966	-0.00974769	-0.656326	10	3.64	3.96821	-6.54671	-0.451879	-2.31381	10.8174	3.80601	4.67455	-3.13478	-0.0109374	-0.714052	10	3.64	4.69837	-3.13626	-0.011721	-0.903837	10	3.64	
3.85902	-6.55419	-0.512377	-1.58807	10.9429	3.80802	4.6502	-3.13797	-0.0111439	-0.822372	10	3.64	4.68221	-3.13127	-0.0107773	-0.676376	10	3.64	3.89664	-6.82995	-0.491174	-1.83675	10.7093	3.80227	4.68689	-3.13108	-0.00892606	-0.71378	10	3.64	4.6414	-3.1409	-0.00916394	-0.945552	10	3.64	
