3.98335	-8.63238	-0.455286	-1.58382	10.5989	3.82105	4.4587	-3.24908	-0.0195069	-1.4781	10.0755	3.63924	3.91142	-6.58476	-0.427938	-1.89288	10.8256	3.77198	4.65265	-3.18089	-0.0123509	-1.24821	10.0152	3.64708	3.82465	-5.32345	-0.293266	-1.62294	10.4042	3.69126	4.53402	-3.19364	-0.0164841	-1.01492	10.0509	3.64255	
4.06404	-7.26988	-0.0679833	-1.82077	10.7738	3.79177	4.56448	-3.16131	-0.00890407	-1.14134	10.0843	3.64	3.84329	-4.7384	-0.166264	-1.54864	10.5866	3.77615	4.62594	-3.14068	-0.010419	-0.909455	9.98867	3.63855	3.87209	-7.26153	-0.161909	-1.90625	10.7626	3.76689	4.67567	-3.1355	-0.0088174	-0.91704	10	3.64	
3.8702	-7.50001	-0.374715	-1.9764	11.0024	3.74679	4.6275	-3.19395	-0.0158279	-1.58171	10.1249	3.63546	3.73022	-5.85087	-0.281138	-2.19326	10.5057	3.73662	4.67344	-3.1503	-0.010515	-1.19394	10.0165	3.64	3.82604	-6.98628	-0.256957	-2.06767	10.7681	3.75323	4.67125	-3.13989	-0.0102076	-0.844278	10	3.64	
3.89603	-7.67011	-0.38429	-1.97527	10.9052	3.78038	4.55125	-3.20642	-0.0169201	-1.51988	10.0775	3.64848	3.8549	-5.76585	-0.387065	-1.84598	11.0392	3.77306	4.67928	-3.15474	-0.01107	-1.07024	10.0136	3.64399	3.75985	-6.49247	-0.263744	-1.66444	10.4853	3.72406	4.66533	-3.13994	-0.00835186	-0.856934	10	3.64	
3.86398	-7.93813	-0.394121	-1.67946	10.6104	3.77041	4.50398	-3.19752	-0.0138823	-1.37511	10.0246	3.64178	3.95966	-6.57458	-0.511633	-1.92721	10.8964	3.76946	4.62693	-3.15689	-0.0093074	-1.10264	9.99524	3.64021	3.86253	-7.14264	-0.393684	-1.75292	10.6335	3.76128	4.68928	-3.14088	-0.00652045	-0.863545	10	3.64	
3.839	-8.1327	-0.45818	-1.49181	10.2382	3.73707	4.55452	-3.23284	-0.0197307	-1.39569	10.117	3.64633	3.74823	-6.36745	-0.449389	-1.95301	11.022	3.70519	4.53363	-3.16848	-0.0103325	-1.35822	10.0139	3.64342	3.79133	-7.09307	-0.368747	-1.51519	10.6255	3.71672	4.64875	-3.23652	-0.0239097	-1.1423	10.1027	3.64	
4.2641	-7.8099	-0.193339	-2.20446	11.2957	3.88833	4.59566	-3.1631	-0.00874671	-1.14832	10.0132	3.64103	4.00984	-5.73571	-0.0643789	-1.73976	10.1686	3.85022	4.65891	-3.15395	-0.0115411	-0.879818	10	3.64915	3.93324	-6.59622	-0.0938374	-1.65001	10.8521	3.79631	4.69191	-3.13574	-0.0122787	-0.811171	10	3.64	
4.11793	-7.52929	-0.0848332	-1.93882	11.3948	3.84518	4.58577	-3.16169	-0.00641126	-1.33535	10.024	3.64004	3.92537	-5.37193	-0.117771	-1.73056	10.5691	3.81036	4.67984	-3.14921	-0.015744	-0.950451	10.0249	3.64302	3.7152	-6.30848	-0.111444	-1.54933	10.5555	3.73875	4.68314	-3.13881	-0.0113352	-0.940035	10	3.64	
3.93695	-7.53483	-0.120226	-1.92029	10.7922	3.79963	4.62233	-3.16068	-0.00908944	-1.3053	10.0337	3.64	3.71715	-5.42524	-0.165343	-1.68294	10.385	3.7491	4.59649	-3.14251	-0.0072655	-1.13324	10	3.64	3.78767	-6.87488	-0.22557	-1.82238	10.7837	3.77163	4.68895	-3.13653	-0.0100076	-0.828025	10	3.64	
4.06913	-8.13626	-0.274973	-1.91491	11.0385	3.83532	4.63041	-3.1708	-0.0132132	-1.27075	10.018	3.64	3.89863	-5.62588	-0.240874	-1.99399	10.8606	3.79091	4.6299	-3.14749	-0.0108815	-0.86882	10	3.64305	3.87213	-7.08734	-0.239259	-1.74392	10.3539	3.77589	4.67461	-3.13512	-0.00919837	-1.0364	9.98709	3.64	
4.05088	-9.04339	-0.743714	-2.16067	10.6274	3.77545	4.49067	-3.33697	-0.0177362	-1.41394	10.1308	3.64	3.82031	-6.69905	-0.426102	-2.06318	10.8799	3.71205	4.61755	-3.16027	-0.00924079	-1.14041	10	3.63766	3.97693	-8.1161	-0.480381	-1.58764	10.516	3.76725	4.56194	-3.29906	-0.0269412	-1.03358	10.0478	3.64	
4.12116	-7.79278	-0.193096	-1.82274	11.0993	3.84541	4.61317	-3.26593	-0.0273504	-1.34037	10.0898	3.64845	3.98855	-6.27833	-0.126639	-1.67229	10.2107	3.78648	4.6333	-3.18055	-0.0193248	-1.09261	9.9912	3.64978	3.83328	-6.506	-0.0570824	-1.53348	10.7988	3.77595	4.49224	-3.39235	-0.0305391	-1.00371	10.0943	3.6415	
4.10683	-8.33244	-0.270243	-1.82464	10.963	3.8045	4.62197	-3.15422	-0.00845335	-1.0429	10.0122	3.64	3.83616	-5.78934	-0.1622	-1.8052	10.4058	3.83537	4.63782	-3.14126	-0.00880931	-0.884002	10	3.64283	3.85671	-7.25438	-0.315579	-1.49139	10.3331	3.75282	4.67527	-3.13224	-0.00797473	-0.820966	10	3.64	
4.16256	-8.10009	-0.122388	-1.95754	11.1362	3.86539	4.57991	-3.16045	-0.00683853	-0.973329	10.0185	3.64	4.0084	-5.84745	-0.184499	-1.70341	10.5478	3.82742	4.71094	-3.13888	-0.0091502	-0.920506	10	3.6389	3.90568	-7.27095	-0.135883	-1.8308	11.0392	3.77048	4.69033	-3.13641	-0.00979582	-0.794666	10	3.64	
4.05281	-7.99335	-0.246673	-2.01327	11.194	3.80326	4.56486	-3.16406	-0.00995076	-1.16552	10.0042	3.64033	3.96934	-5.73292	-0.239821	-1.85043	10.758	3.7822	4.66408	-3.14195	-0.00813011	-0.918192	10	3.64	3.90481	-7.45526	-0.225868	-1.89246	10.9765	3.78436	4.65584	-3.1356	-0.00828457	-0.859735	10	3.64	
3.97368	-8.06495	-0.159755	-2.07529	10.8481	3.80905	4.65668	-3.15616	-0.00881949	-1.27847	10.056	3.64	3.83635	-5.8428	-0.0926745	-1.88764	10.4114	3.81225	4.64258	-3.14335	-0.0088375	-0.775439	10	3.64492	4.02083	-7.6615	-0.264354	-1.73609	10.8546	3.79594	4.6746	-3.13586	-0.00978597	-0.855012	10	3.64	
4.05766	-8.85779	-0.623551	-1.74438	10.8283	3.78062	4.49833	-3.18945	-0.0162263	-1.43895	10.1016	3.63961	4.01747	-6.81127	-0.570224	-1.96909	11.1746	3.76103	4.67119	-3.19098	-0.0141121	-1.19015	10.0306	3.65021	3.85265	-7.81112	-0.404567	-1.72629	10.4188	3.75742	4.64419	-3.14503	-0.0122424	-1.05301	10	3.64	
3.99314	-9.24986	-0.828775	-1.7706	10.6391	3.73447	4.52765	-3.13105	-0.0130324	-1.39136	10.054	3.64016	4.1836	-8.26505	-0.877287	-1.96552	11.1401	3.83555	4.66419	-3.19148	-0.0141552	-1.37573	10.0255	3.64741	3.83921	-8.09924	-0.558663	-1.55202	10.2846	3.69741	4.65082	-3.12733	-0.0081229	-0.873636	10.005	3.64	
4.02913	-7.87023	-0.141625	-1.76014	10.8054	3.80828	4.62298	-3.15271	-0.00699567	-1.29345	9.9931	3.64003	3.85928	-6.85692	-0.316734	-1.52564	10.2988	3.80603	4.67194	-3.14868	-0.00920322	-1.00817	10.0047	3.64195	3.85949	-6.42451	-0.263155	-1.61289	10.7227	3.77145	4.67132	-3.13743	-0.0114097	-0.987644	10	3.64	
3.98119	-7.49242	-0.0543725	-1.86415	11.1052	3.75895	4.63327	-3.23462	-0.0133533	-1.1569	9.99304	3.64038	3.90822	-6.31476	-0.157855	-1.8802	10.5079	3.7864	4.67311	-3.14325	-0.00886778	-0.940019	10	3.64	3.86266	-6.34606	-0.197229	-1.79259	10.4068	3.7678	4.69796	-3.14145	-0.0116115	-0.901026	9.99051	3.64	
3.99642	-8.83468	-0.7625	-1.85596	10.68	3.74947	4.49989	-3.27181	-0.0263615	-1.35237	10.1631	3.64231	3.89691	-7.94006	-0.559825	-1.82795	10.6147	3.7582	4.61193	-3.18976	-0.0130862	-1.24385	10.0702	3.64371	3.864	-6.92357	-0.406412	-1.70317	10.6314	3.75134	4.58672	-3.27441	-0.024781	-1.29296	10.0571	3.64	
4.23124	-8.10699	-0.125352	-1.93137	10.9195	3.85337	4.62276	-3.16518	-0.0104319	-1.05856	9.98683	3.64216	3.89913	-6.36842	-0.196327	-1.85915	10.3918	3.8299	4.69346	-3.14064	-0.00797191	-0.874391	10	3.64097	3.84901	-6.98281	-0.227129	-1.89911	10.3025	3.79046	4.71373	-3.13416	-0.0106124	-0.829232	10	3.64	
4.09234	-9.27037	-0.837424	-1.65276	10.4918	3.79979	4.63421	-3.16478	-0.00687672	-1.31659	9.99136	3.64	3.90562	-7.46275	-0.424266	-2.05864	10.1571	3.77536	4.60595	-3.15521	-0.00764852	-1.33032	10	3.64172	4.05661	-8.29732	-0.460248	-1.66887	10.6296	3.78985	4.61914	-3.14015	-0.00952778	-0.860378	10.0013	3.64	
3.96728	-8.80579	-0.559359	-1.7216	10.552	3.76418	4.62426	-3.16812	-0.00950045	-1.25524	10.1112	3.63961	3.93682	-7.24835	-0.506024	-1.55569	10.6653	3.76438	4.65228	-3.15203	-0.007227	-1.1426	10	3.64	3.85424	-7.82691	-0.363973	-1.73208	10.332	3.74475	4.62657	-3.13892	-0.00847643	-0.85251	10	3.64	
4.15106	-8.92611	-0.440147	-1.67539	10.9178	3.81638	4.60348	-3.16521	-0.0091407	-1.29681	10.033	3.64211	3.9407	-7.19324	-0.396023	-1.59269	10.2682	3.79103	4.61645	-3.14644	-0.00995583	-1.11345	9.96673	3.63661	3.8681	-7.22559	-0.336006	-1.53692	10.5362	3.76303	4.70258	-3.13876	-0.0111439	-0.919709	10	3.64	
3.99362	-8.96796	-0.81202	-1.80375	10.6746	3.76281	4.48693	-3.17413	-0.00778935	-1.53225	10.0434	3.64	3.8367	-7.27376	-0.46729	-1.79537	10.4211	3.76347	4.57864	-3.16212	-0.00853975	-1.31034	10	3.63815	3.78254	-7.68485	-0.561334	-1.62674	10.5232	3.72567	4.66229	-3.14375	-0.00969153	-1.06009	10	3.64	
4.06241	-8.76003	-0.523069	-1.70221	10.7852	3.79693	4.65062	-3.15826	-0.00724992	-1.36497	10.0111	3.64012	3.98523	-7.16738	-0.537292	-1.75632	10.7751	3.79532	4.65632	-3.14795	-0.00813693	-0.997107	10	3.63915	3.89364	-7.80164	-0.419623	-1.57957	10.5843	3.73803	4.67212	-3.13738	-0.00820115	-0.944061	10	3.64	
4.10089	-8.77672	-0.555928	-1.63954	10.745	3.80006	4.58215	-3.15928	-0.00843101	-1.32837	10.0734	3.64	3.9607	-7.17031	-0.403161	-1.8592	10.4872	3.79815	4.65553	-3.14402	-0.0098539	-0.905979	10	3.64112	4.04731	-8.51622	-0.579264	-1.78398	10.7057	3.79916	4.59827	-3.13787	-0.00607487	-0.904272	10	3.64	
4.05248	-9.29694	-0.847138	-1.64519	10.5324	3.79027	4.62055	-3.16876	-0.0102422	-1.26358	9.99901	3.63854	3.95094	-6.91582	-0.42822	-1.84076	10.6686	3.76202	4.6308	-3.15244	-0.00765233	-1.01792	10.0231	3.64	3.89887	-7.80763	-0.46261	-1.99152	10.47	3.72932	4.62903	-3.2219	-0.0121575	-0.991694	10	3.64	
4.00137	-9.20909	-0.85822	-1.66721	10.5642	3.74526	4.55269	-3.18318	-0.0110074	-1.3767	10.0682	3.64	3.90338	-7.1207	-0.538998	-1.67501	10.7862	3.77556	4.54456	-3.17068	-0.00716996	-1.09071	10	3.65386	3.75421	-6.32614	-0.3019	-1.71339	10.2844	3.73005	4.63069	-3.29768	-0.0185715	-1.04817	10.084	3.64	
3.90374	-7.69422	-0.361592	-1.85665	10.8526	3.754	4.64916	-3.16931	-0.00870237	-1.40061	10.1169	3.64193	3.83012	-6.52665	-0.223371	-1.84914	10.1303	3.7606	4.60135	-3.14635	-0.00634632	-0.997513	10	3.64	3.83954	-7.44646	-0.265925	-1.87363	11.0364	3.72408	4.65538	-3.13925	-0.010081	-0.989742	10	3.64	
3.94412	-8.09178	-0.438564	-1.98096	10.829	3.77118	4.47385	-3.18372	-0.00888073	-1.1643	10.0318	3.63895	3.88524	-6.42494	-0.431978	-1.91965	10.858	3.76577	4.62141	-3.15943	-0.00815658	-1.10234	10.0553	3.64618	3.92568	-7.74425	-0.471388	-1.64534	10.4917	3.79208	4.671	-3.1365	-0.00779947	-0.925565	10	3.64	
3.77301	-8.45059	-0.658198	-2.20779	10.7335	3.69325	4.55363	-3.18188	-0.010099	-1.49125	10.1849	3.6362	3.91712	-7.28472	-0.62161	-1.86529	11.0408	3.75741	4.65434	-3.15271	-0.00873783	-1.10177	10.0191	3.64	3.86234	-7.8355	-0.502896	-1.66203	10.5601	3.69783	4.68608	-3.13972	-0.00628645	-0.897263	10	3.64	
4.09443	-8.58657	-0.255615	-1.95989	11.0538	3.85863	4.62076	-3.16218	-0.00894988	-1.32326	10.0695	3.63573	3.79802	-6.29894	-0.271194	-1.75734	10.6541	3.76943	4.65645	-3.15097	-0.0124719	-0.960521	9.99077	3.64459	3.89596	-7.38888	-0.302814	-1.89734	10.5386	3.71085	4.68669	-3.16815	-0.01081	-0.882763	10.0235	3.64	
4.22781	-7.70684	-0.264492	-2.3535	11.4648	3.86188	4.61194	-3.15756	-0.00878382	-1.10594	10.0345	3.64101	4.08004	-6.21841	-0.0535524	-1.55236	10.4577	3.85055	4.64339	-3.15603	-0.0105935	-0.837797	9.97523	3.65579	3.87661	-6.06459	-0.0844144	-1.84183	10.7328	3.76988	4.71076	-3.13885	-0.0137825	-0.85738	10	3.64075	
4.12019	-9.80299	-1.09776	-1.61954	10.2204	3.78351	4.61131	-3.26408	-0.0173937	-1.60323	10.1071	3.66813	4.02172	-7.65829	-0.727567	-1.53154	10.9534	3.79945	4.56558	-3.24439	-0.019926	-1.33719	10.0061	3.64222	4.11534	-6.13028	-0.501417	-1.66278	10.863	3.72479	4.71181	-3.29811	-0.0572837	-1.07577	10.1475	3.6529	
4.08907	-9.42239	-0.881368	-1.70769	10.9922	3.77651	4.5764	-3.28038	-0.0225693	-1.44242	10.0625	3.66031	3.99695	-6.58205	-0.42348	-1.83062	10.5109	3.79138	4.65859	-3.16392	-0.0100988	-1.13135	10.0145	3.64877	3.92926	-7.01286	-0.486446	-1.67773	10.8077	3.76806	4.6264	-3.18361	-0.0132904	-1.07794	10.0194	3.65837	
4.24457	-9.59688	-0.721342	-2.02654	10.735	3.85772	4.6536	-3.17218	-0.00883027	-1.28235	10	3.64928	3.96495	-6.61452	-0.508055	-1.85627	11.2469	3.82966	4.64068	-3.16517	-0.01035	-1.07218	10.0015	3.64671	4.05272	-8.68037	-0.747491	-1.78537	10.7128	3.82541	4.69535	-3.13354	-0.00649435	-0.743906	10	3.64	
4.02868	-8.71107	-0.431135	-1.79066	10.7853	3.8407	4.7496	-3.14337	-0.00709792	-1.07623	10.0104	3.63978	3.90629	-5.23993	-0.29076	-1.89097	10.7981	3.77458	4.6594	-3.1378	-0.00721223	-0.932196	10.0014	3.63952	3.97291	-7.96563	-0.473085	-1.80632	10.4458	3.80024	4.71332	-3.13103	-0.0111277	-0.732852	10	3.64	
4.11182	-9.76048	-0.954457	-1.71132	10.5407	3.79711	4.5885	-3.18484	-0.013032	-1.59196	10.0418	3.63941	4.02831	-6.99359	-0.66681	-1.88876	11.1732	3.76916	4.67485	-3.16006	-0.01083	-1.13992	10.023	3.64289	4.05038	-9.12478	-0.805218	-1.66837	10.3817	3.77032	4.66902	-3.1369	-0.00764204	-0.843691	10	3.64	
4.13115	-9.85273	-0.933954	-1.8905	10.5403	3.78627	4.53638	-3.18572	-0.0130752	-1.36588	10.0334	3.64	3.95085	-5.89767	-0.534276	-1.69526	11.7098	3.71316	4.65184	-3.17051	-0.00818063	-1.32895	10.0173	3.64762	3.91526	-8.32092	-0.577207	-1.68933	10.4596	3.76868	4.70083	-3.14536	-0.0082025	-0.974816	10.0175	3.64	
4.228	-9.29707	-0.557533	-2.05286	10.6952	3.86091	4.65687	-3.16006	-0.0102252	-1.32271	10.05	3.63881	4.07554	-5.87166	-0.485292	-2.01787	11.1045	3.78104	4.67869	-3.15878	-0.0119323	-1.16113	9.99445	3.64	3.92746	-8.44385	-0.634665	-1.62843	10.4277	3.74928	4.6526	-3.13769	-0.00959082	-0.887978	10	3.64	
4.05113	-9.0156	-0.650127	-1.70148	10.5069	3.8072	4.66953	-3.1512	-0.00164288	-1.39074	10.0298	3.64341	4.02634	-5.60065	-0.463853	-1.99742	11.2561	3.80073	4.70541	-3.14659	-0.00831454	-1.08248	10.0155	3.64	4.08323	-8.81064	-0.692416	-2.04149	10.4587	3.75637	4.67727	-3.13068	-0.00749542	-0.780164	10	3.64	
4.23365	-9.95833	-0.969831	-1.87802	10.5364	3.79168	4.56547	-3.17413	-0.0111498	-1.3175	10.0521	3.64	3.86308	-6.23217	-0.552778	-1.83669	11.0012	3.73874	4.54954	-3.17182	-0.00960912	-1.22106	10.0018	3.63709	4.0572	-8.93012	-0.695451	-2.1612	10.5724	3.79274	4.71147	-3.13901	-0.0104817	-0.988423	10	3.64	
3.94812	-9.7579	-1.09055	-1.86976	10.4302	3.70904	4.51332	-3.20215	-0.0187412	-1.44974	10.0499	3.63703	4.06212	-4.49439	-0.233826	-1.64252	10.7672	3.65499	4.57017	-3.2568	-0.0231249	-1.71397	10.1391	3.65517	3.88287	-7.62837	-0.537893	-1.95792	10.2825	3.72859	4.57785	-3.1487	-0.0066269	-1.13538	10	3.64	
4.16792	-11.095	-1.56966	-2.13369	10.7136	3.74607	4.52884	-3.20565	-0.0157357	-1.40837	10.0748	3.64	3.77195	-7.48569	-0.592892	-1.45058	10.943	3.66611	4.64973	-3.18897	-0.0130215	-1.5914	10.0282	3.64	3.8081	-6.7072	-0.449716	-2.13385	10.5282	3.68029	4.66543	-3.14558	-0.00845005	-1.14025	10.043	3.64	
4.11076	-10.2784	-1.29489	-1.96589	10.4419	3.73531	4.49968	-3.21082	-0.0183017	-1.36203	10.0061	3.6401	3.63291	-6.50727	-0.359637	-1.79708	11.0117	3.65579	4.52999	-3.22506	-0.0194657	-1.50495	10.118	3.64825	3.76118	-6.66357	-0.344216	-1.87527	10.6544	3.68198	4.58859	-3.15423	-0.00869762	-0.958374	10	3.64	
4.04819	-9.73435	-1.05691	-1.76069	10.3848	3.75256	4.5313	-3.21876	-0.0234565	-1.25169	10.0113	3.64	3.69032	-6.34624	-0.276577	-2.19912	10.8688	3.64625	4.60644	-3.18308	-0.011419	-1.30422	10.0373	3.64061	3.96024	-8.90016	-0.826676	-1.78965	10.7034	3.72846	4.65832	-3.14914	-0.0106093	-1.24842	10	3.64	
3.98849	-10.3041	-1.33177	-1.69779	10.3343	3.73746	4.53719	-3.21555	-0.0199877	-1.66372	10.0998	3.64411	3.76456	-5.438	-0.434585	-2.07179	10.8587	3.69002	4.6189	-3.18456	-0.0119388	-1.25583	9.99576	3.64609	3.83908	-8.12075	-0.691554	-1.71542	10.4023	3.69218	4.61503	-3.14922	-0.00935068	-1.02422	10	3.63857	
4.03375	-10.3959	-1.27429	-2.02844	10.1886	3.71789	4.45986	-3.24091	-0.0229653	-1.50319	10.0235	3.64264	3.72965	-5.65608	-0.350855	-2.0113	10.8891	3.67037	4.57349	-3.17463	-0.0104648	-1.40737	9.9779	3.64707	3.80518	-8.01156	-0.722849	-1.63091	10.4509	3.67811	4.67201	-3.15005	-0.00788294	-1.10168	10	3.64	
3.96559	-9.12593	-0.913951	-1.73173	10.4464	3.7185	4.51342	-3.24436	-0.0260177	-1.59536	10.0988	3.641	3.65799	-5.53376	-0.243201	-1.85619	10.7204	3.63996	4.60354	-3.19343	-0.0163343	-1.53057	10.0482	3.64242	3.92061	-8.45544	-0.865338	-1.69657	10.5359	3.69108	4.63989	-3.15388	-0.0103167	-1.06383	10.0189	3.63703	
3.945	-9.83392	-1.1145	-1.95933	10.3751	3.69013	4.5134	-3.24472	-0.02759	-1.4148	10.1166	3.64001	3.87881	-5.48349	-0.409669	-1.93015	11.0437	3.67295	4.48523	-3.24132	-0.0246816	-1.55129	10.1187	3.64406	3.94981	-8.93223	-0.832123	-1.91125	10.2344	3.67788	4.58928	-3.16385	-0.0127093	-1.1884	10	3.64	
3.92911	-9.50781	-1.0124	-1.7316	10.3652	3.70432	4.38565	-3.279	-0.0371513	-1.76613	10.1972	3.64212	3.70798	-5.43437	-0.314744	-2.03422	11.0229	3.65605	4.56272	-3.18039	-0.0126129	-1.38765	10.0223	3.63836	3.87087	-8.42252	-0.703627	-2.09712	10.7183	3.68153	4.67475	-3.14191	-0.00593138	-1.18912	9.99471	3.64	
4.11092	-10.1601	-1.20921	-1.87434	10.3304	3.71638	4.51964	-3.23425	-0.0251443	-1.50204	10.0478	3.6363	3.94841	-5.27634	-0.344382	-2.04255	10.6133	3.69195	4.52772	-3.20545	-0.0161842	-1.37677	9.98571	3.64277	3.9394	-8.30887	-0.674751	-2.06323	10.3729	3.72033	4.63548	-3.14468	-0.00817864	-0.9404	10.0042	3.64	
4.04355	-10.2466	-1.20013	-1.84236	10.3984	3.72535	4.46743	-3.24263	-0.024748	-1.55174	10.1289	3.63972	3.72026	-5.45785	-0.358329	-1.95086	11.0658	3.65538	4.61413	-3.18424	-0.0134672	-1.28597	10.0655	3.64084	3.92039	-9.0011	-0.833888	-1.78783	10.3812	3.7148	4.60967	-3.15412	-0.00543768	-1.20256	10	3.64537	
4.06035	-10.4495	-1.29547	-1.8263	10.262	3.74496	4.51537	-3.2088	-0.0204922	-1.20784	10.0794	3.63525	3.82957	-5.33413	-0.366027	-2.1022	10.9805	3.69732	4.54461	-3.17098	-0.0265089	-1.37777	10.0488	3.63809	3.95535	-8.31523	-0.690392	-1.64586	10.7855	3.72359	4.62408	-3.11175	0.00238882	-1.0076	10.0111	3.63679	
4.01162	-10.6201	-1.47166	-1.86313	10.34	3.74224	4.43258	-3.42854	-0.0657209	-1.56771	10.1759	3.66248	3.93841	-7.46674	-0.806951	-1.86104	11.4552	3.7085	4.48813	-3.24425	-0.024187	-1.72294	9.99652	3.64828	3.97856	-7.6424	-0.661804	-1.76485	10.6781	3.79381	4.64751	-3.17717	-0.0119867	-1.1995	10.061	3.64404	
4.08862	-10.4169	-1.30065	-2.08512	10.1838	3.74114	4.27489	-3.46608	-0.0786997	-1.64301	10.2334	3.64439	4.00663	-7.61953	-0.905974	-1.8085	11.4086	3.71894	4.51538	-3.2654	-0.02403	-1.30578	10.0141	3.66552	3.80664	-7.34125	-0.461622	-1.84793	10.3547	3.76775	4.57626	-3.18491	-0.015718	-1.34113	10.0219	3.64128	
4.02281	-10.1249	-1.14841	-1.99889	10.3748	3.74337	4.36359	-3.41963	-0.0636678	-1.84572	10.1583	3.66227	4.06481	-7.61	-0.862751	-1.99479	11.3676	3.73101	4.4548	-3.28475	-0.0349494	-1.59316	10.1086	3.64582	3.94029	-8.68006	-0.88149	-2.01469	10.5386	3.73881	4.59016	-3.17053	-0.0130367	-1.28309	10.02	3.63966	
3.98438	-9.61902	-0.948862	-2.08392	10.5184	3.74029	4.43523	-3.45013	-0.067353	-1.90988	10.0559	3.65914	4.01866	-7.8899	-0.818567	-1.88099	11.3909	3.74108	4.4596	-3.2826	-0.0422258	-1.64484	10.1098	3.64472	3.86037	-8.23978	-0.686235	-1.91658	10.5569	3.74895	4.56153	-3.14157	-0.0099158	-1.31702	10.0568	3.64752	
3.98995	-9.56883	-0.917808	-2.03497	10.5787	3.75365	4.29566	-3.5242	-0.0721395	-1.43817	10.1895	3.65411	3.79446	-6.80882	-0.315929	-2.0144	10.7247	3.68743	4.33153	-3.36739	-0.0479381	-1.55204	10.1057	3.6667	3.8153	-7.45806	-0.447934	-1.71857	10.584	3.76499	4.57233	-3.26788	-0.0171821	-1.3394	10.0593	3.64939	
4.0712	-9.63545	-0.917603	-1.91896	10.534	3.77173	4.44369	-3.67042	-0.123048	-1.6473	10.1846	3.67026	3.98091	-6.95998	-0.552163	-1.56243	10.8852	3.76352	4.40897	-3.26744	-0.0310152	-1.51267	10.0816	3.6502	3.86936	-7.53941	-0.545618	-1.9665	10.6793	3.7162	4.50983	-3.3201	-0.0264379	-1.27063	9.99826	3.64211	
4.00603	-9.60583	-0.91963	-1.76777	10.5221	3.74663	4.26646	-3.45511	-0.0767969	-1.74259	10.3543	3.65621	3.88743	-7.59941	-0.51892	-1.99477	10.4714	3.75314	4.37153	-3.25404	-0.0277065	-1.5368	10.092	3.6423	3.97576	-8.81717	-0.833647	-1.74248	10.7785	3.74578	4.60163	-3.21454	-0.0311374	-1.20737	10.249	3.63981	
4.0537	-10.1548	-1.12643	-1.89047	10.3801	3.75685	4.33555	-3.54168	-0.0868922	-1.60742	10.1444	3.67753	4.09984	-7.7174	-0.862476	-2.11346	11.3586	3.78023	4.42173	-3.19829	-0.0308589	-1.72691	10.0923	3.65083	3.98438	-8.53773	-0.68734	-1.8476	10.472	3.7537	4.56405	-3.22727	-0.0214823	-1.42325	10.0206	3.6429	
4.07941	-10.2106	-1.16271	-1.95942	10.208	3.76938	4.37237	-3.53776	-0.0734285	-1.63104	10.2342	3.65762	3.85176	-7.62401	-0.516784	-1.66518	10.1732	3.74111	4.51315	-3.15147	-0.0268394	-1.31706	10.0236	3.63506	3.77708	-8.65451	-0.811011	-1.91117	10.3192	3.7262	4.53715	-3.16895	-0.0116963	-1.19063	9.97514	3.64073	
4.19015	-10.0363	-1.13346	-2.1981	10.4966	3.77076	4.44358	-3.42504	-0.0592987	-1.52963	10.0932	3.66187	4.01006	-7.46149	-0.710452	-2.17045	11.1222	3.7699	4.38941	-3.49005	-0.054351	-1.47498	10.066	3.64947	3.85864	-7.69793	-0.643466	-1.94095	10.6229	3.71945	4.65785	-3.19526	-0.00784667	-0.957075	10.0539	3.65547	
3.81376	-8.38804	-0.602299	-1.84864	10.6173	3.73083	4.40294	-3.45714	-0.0643479	-1.85876	10.1151	3.66005	3.87068	-7.53976	-0.416362	-2.17454	10.6219	3.68393	4.40432	-3.28182	-0.03201	-1.44488	10.0567	3.65824	3.88743	-8.06599	-0.547392	-1.75052	10.5317	3.78109	4.53982	-3.22355	-0.0190483	-1.11038	10.0915	3.63933	
4.06539	-9.98779	-1.11654	-1.81327	10.5609	3.7119	4.46334	-4.26131	-0.193123	-1.9384	10.3783	3.66614	4.07924	-8.34176	-0.772194	-2.15832	11.026	3.74258	4.55899	-3.77386	-0.106068	-1.4778	10.2015	3.63383	4.01451	-9.03984	-0.850934	-2.06528	10.6638	3.76783	4.56336	-3.82693	-0.080242	-1.52487	10.2548	3.65206	
3.9802	-9.80184	-1.04198	-1.62963	10.3044	3.72946	4.43132	-3.54928	-0.087658	-1.60918	10.1537	3.66889	4.05529	-7.45611	-0.716384	-1.8273	11.2255	3.76544	4.37441	-3.31851	-0.0417322	-1.4641	10.1451	3.6602	3.92406	-6.83317	-0.474212	-1.8617	10.4603	3.76297	4.58238	-3.33379	-0.0240004	-1.43941	9.98627	3.64926	
3.98309	-10.0418	-1.14592	-2.35468	10.7377	3.73885	4.3438	-3.53167	-0.0687965	-1.5273	10.2446	3.66853	3.99808	-7.94875	-0.693009	-1.93815	10.7956	3.74227	4.4787	-3.26854	-0.0259457	-1.5003	10.1068	3.66641	3.77857	-7.70174	-0.555165	-2.1926	10.2415	3.72719	4.52756	-3.17623	-0.016302	-1.37526	10.0592	3.64168	
3.9506	-9.50584	-0.901055	-1.8051	10.7385	3.75212	4.3811	-3.56505	-0.0669808	-1.61159	10.134	3.66586	3.90783	-7.07346	-0.525478	-1.90734	11.0164	3.70833	4.57961	-3.2269	-0.0233899	-1.45019	10.0445	3.64734	3.75927	-7.12328	-0.4238	-1.95705	10.2924	3.69577	4.43535	-3.41387	-0.0307807	-1.47309	10.0964	3.63811	
3.96105	-10.0453	-1.18892	-2.0093	10.2144	3.7391	4.32585	-3.44387	-0.064246	-1.64556	10.3068	3.652	4.02176	-7.77684	-0.80038	-2.22271	11.288	3.72073	4.48902	-3.24118	-0.0251559	-1.38396	10.1088	3.64685	3.85942	-8.40674	-0.955108	-1.61739	10.4611	3.7362	4.47884	-3.21685	-0.0181661	-1.34038	10.0495	3.64747	
3.84304	-9.12483	-0.918191	-1.77771	10.1662	3.71281	4.64737	-3.13981	0.00792585	-1.3079	9.95172	3.6326	4.19556	-4.04064	-0.160787	-1.84481	10.4894	3.67538	4.64486	-3.16662	-0.00976734	-1.20672	10.005	3.64509	3.87444	-6.98185	-0.517021	-1.65792	10.4209	3.72893	4.65497	-3.13861	-0.00879397	-1.05352	10	3.64	
3.88928	-8.39481	-0.588394	-1.91971	10.7113	3.72452	4.18152	-3.79836	-0.0913472	-2.04817	10.5581	3.67778	4.0896	-4.97276	-0.327844	-1.75895	11.1457	3.77155	4.56041	-3.1532	-0.00659705	-1.06381	10.024	3.6398	4.04531	-6.74212	-0.733883	-2.05192	11.8956	3.75765	4.68717	-3.13671	-0.00875937	-0.900904	10	3.64	
3.71273	-7.40068	-0.410393	-1.84562	11.0839	3.67186	4.22243	-3.72954	-0.0626319	-1.68098	10.4156	3.65463	3.82742	-5.74725	-0.339913	-1.85338	10.9808	3.73455	4.6349	-3.1619	-0.00948288	-0.8868	9.99064	3.65059	3.77923	-6.01229	-0.327959	-1.97609	10.629	3.7666	4.64151	-3.14214	-0.00813945	-0.991253	10	3.64	
3.6332	-7.10657	-0.303858	-1.80085	10.9743	3.66169	4.14889	-3.7345	-0.0815949	-1.35213	10.4737	3.64768	3.67823	-5.97786	-0.307288	-1.81992	10.6787	3.70042	4.5269	-3.16349	-0.00789639	-1.21415	10.0296	3.64335	3.85382	-5.95253	-0.324623	-1.65471	10.9307	3.79134	4.67825	-3.13041	-0.00774785	-0.827402	9.99626	3.64	
3.75213	-8.57222	-0.722334	-1.53161	10.4669	3.68403	4.49845	-3.24723	-0.0264394	-1.43134	10.1488	3.64176	3.78606	-6.52466	-0.414822	-1.62553	10.8072	3.69037	4.51391	-3.16096	-0.00822638	-1.41722	10.0648	3.63906	3.88178	-6.64392	-0.492764	-1.91552	10.7742	3.75519	4.73124	-3.13836	-0.0103525	-1.02443	10.0228	3.64	
3.91825	-8.82036	-0.766429	-1.73139	10.3381	3.76316	4.52549	-3.29456	-0.0270657	-1.1878	10.0157	3.6568	3.79413	-6.07467	-0.337914	-1.88043	10.5198	3.72018	4.55996	-3.21115	-0.0127131	-1.36167	10.0024	3.65246	3.79772	-6.22915	-0.302238	-2.01753	10.554	3.73899	4.66773	-3.19894	-0.021006	-1.07272	10.0081	3.64	
3.82617	-9.30796	-1.02651	-1.66389	10.3584	3.6862	4.67531	-3.19339	-0.014638	-1.48741	10.0652	3.6411	3.80909	-6.30546	-0.535785	-2.09134	11.065	3.67015	4.57785	-3.16318	-0.00930142	-1.34517	10.0439	3.64	3.91793	-7.01461	-0.578586	-1.7723	10.8045	3.72418	4.69537	-3.14063	-0.00865363	-1.02205	10	3.64	
3.93015	-9.6338	-1.08684	-1.61051	10.2386	3.71753	4.54201	-3.18703	-0.0116471	-1.42509	10.1229	3.64116	3.97412	-6.48258	-0.558419	-1.89397	11.3039	3.69875	4.54896	-3.16864	-0.00838827	-1.28246	10.0778	3.64	3.92815	-7.18465	-0.639753	-1.82921	10.8469	3.73692	4.69622	-3.13935	-0.00750144	-1.04212	9.99051	3.64	
3.8346	-8.81161	-0.808589	-1.84189	10.4674	3.74245	4.53767	-3.20109	-0.0159122	-1.22141	10.0145	3.65312	3.80685	-6.09315	-0.496435	-1.95093	11.093	3.69175	4.58565	-3.17104	-0.00771464	-1.26015	10.0134	3.64746	3.9025	-7.09473	-0.596908	-2.08688	10.8605	3.77341	4.64622	-3.14332	-0.00914546	-0.919737	10	3.64	
4.0227	-9.37098	-1.04259	-1.6102	10.6312	3.7302	4.57891	-3.25217	-0.0262793	-1.3623	10.1045	3.64512	3.96537	-7.08912	-0.575498	-2.02714	11.0656	3.74903	4.67145	-3.18671	-0.0119035	-1.18486	10.0163	3.65155	3.88012	-7.63846	-0.645536	-1.79777	11.0702	3.75458	4.63975	-3.16146	-0.0118202	-1.08298	10.0184	3.64159	
3.85875	-9.23957	-0.905387	-1.4759	10.087	3.72654	4.61362	-3.19307	-0.0163196	-1.32304	10.035	3.63945	3.70981	-5.89515	-0.455518	-1.78247	10.6208	3.69637	4.56552	-3.16825	-0.00908782	-1.06015	10.0048	3.65287	3.90524	-8.0805	-0.781193	-1.84744	10.9652	3.73978	4.6538	-3.15311	-0.0124571	-0.976423	10	3.64	
4.03578	-9.33899	-0.912126	-2.00173	10.6496	3.73507	4.54012	-3.19467	-0.0143925	-1.33227	10.0292	3.64	3.78663	-5.60812	-0.284958	-1.94501	10.472	3.70359	4.53325	-3.15541	-0.00754655	-1.00852	9.99547	3.64	3.86983	-7.54263	-0.55865	-1.64309	10.4338	3.76189	4.6404	-3.1377	-0.0085261	-0.80211	9.99603	3.64	
3.91311	-8.68594	-0.714716	-1.83047	10.6184	3.7042	4.60041	-3.23856	-0.028419	-1.31375	10.0823	3.64387	3.9016	-6.53405	-0.52266	-1.82367	10.9829	3.69551	4.56584	-3.16547	-0.00991633	-1.17766	10.0065	3.64	3.9062	-7.29743	-0.552191	-1.91872	10.5051	3.74847	4.63694	-3.1534	-0.0118489	-1.07561	10	3.64	
3.89341	-9.25597	-0.899075	-1.46991	10.5906	3.7225	4.55657	-3.17886	-0.0129562	-1.22785	10.0072	3.63319	3.83359	-6.26291	-0.51195	-1.831	10.9467	3.72156	4.63939	-3.16484	-0.0120977	-1.19538	10.028	3.63847	3.97616	-8.33962	-0.726389	-1.45163	10.6675	3.71896	4.64447	-3.14432	-0.0112968	-0.794291	10	3.63734	
3.79514	-8.45541	-0.730766	-1.71611	10.4841	3.69169	4.61377	-3.18148	-0.0126758	-1.45177	10.0101	3.64559	3.77037	-5.9035	-0.286923	-1.53025	10.7157	3.67073	4.58195	-3.18265	-0.0111532	-1.00421	10.0698	3.64805	4.01894	-7.98411	-0.58656	-1.74367	10.5778	3.77844	4.64221	-3.13707	-0.0090495	-0.914542	10	3.64	
3.82982	-9.2027	-0.96083	-1.64458	10.5973	3.693	4.50646	-3.2048	-0.0148781	-1.38469	10.024	3.64794	3.94471	-6.25299	-0.671621	-1.88564	11.3942	3.73115	4.61841	-3.14455	-0.00725032	-1.31182	10.1295	3.62903	3.91337	-8.02961	-0.672475	-2.09713	10.5241	3.76575	4.65073	-3.14428	-0.00773991	-1.05724	10.0278	3.64	
4.05701	-9.24298	-0.803219	-1.91067	10.5952	3.77341	4.59063	-3.18197	-0.0131877	-1.61635	10.0723	3.63634	3.94382	-5.58412	-0.412342	-2.06277	11.1249	3.76177	4.58728	-3.17781	-0.00956895	-1.25785	9.93694	3.65347	3.873	-7.1595	-0.506481	-1.62616	10.805	3.76066	4.61921	-3.1339	-0.00753873	-0.864628	10	3.63991	
3.92653	-8.94897	-0.749585	-1.64122	10.5253	3.73078	4.61634	-3.20856	-0.0149438	-1.28205	10.0177	3.63761	3.82823	-5.96342	-0.401185	-1.84895	11.0248	3.6953	4.6036	-3.18273	-0.0146328	-1.15423	10.0004	3.63991	3.97808	-8.13377	-0.639134	-1.9769	10.541	3.80123	4.56912	-3.16166	-0.0110588	-1.22369	10.0017	3.64	
3.98455	-9.48824	-0.972912	-1.80014	10.7003	3.77295	4.60023	-3.18476	-0.0128749	-1.77346	9.95257	3.65971	3.90768	-5.84909	-0.488504	-1.73889	11.3963	3.74297	4.60404	-3.17408	-0.0122792	-1.35015	10.0164	3.64204	4.04335	-8.2599	-0.617843	-1.78324	10.2706	3.80712	4.6335	-3.14839	-0.00922445	-1.05364	10.0358	3.64	
3.84686	-8.88872	-0.840489	-1.82183	10.5616	3.71539	4.45066	-3.21424	-0.0210227	-1.46917	10.1084	3.64168	3.88584	-5.88271	-0.409164	-1.99854	10.6387	3.69269	4.58522	-3.15831	-0.00704883	-1.25608	10.03	3.64143	3.79971	-7.69535	-0.634088	-1.73642	10.204	3.74478	4.61724	-3.15724	-0.0105872	-1.06192	10.0383	3.64	
3.94797	-9.52813	-0.978268	-1.80373	10.2582	3.75317	4.56851	-3.20414	-0.0175663	-1.32705	10.0955	3.64199	3.8088	-5.71497	-0.36887	-1.7242	10.5278	3.70966	4.60489	-3.17448	-0.0118957	-1.29394	10.061	3.64806	3.85843	-7.69994	-0.622971	-1.78925	10.6922	3.75555	4.60835	-3.14307	-0.00709236	-1.02048	10	3.64	
3.76803	-7.56465	-0.358054	-1.67353	10.8533	3.70875	4.53979	-3.17122	-0.0109711	-1.36957	10.0349	3.64	3.77874	-5.49391	-0.333624	-1.72667	11.0477	3.74281	4.65702	-3.13646	-0.00962445	-0.807779	10	3.64	3.878	-5.55406	-0.29385	-1.59645	10.6476	3.7195	4.66988	-3.13755	-0.00936709	-0.860931	10	3.64	
3.90973	-7.70925	-0.20942	-1.90905	11.2958	3.76332	4.61774	-3.15145	-0.00861412	-1.09265	9.9886	3.63889	3.87097	-5.92254	-0.373066	-1.91478	10.7951	3.76506	4.70681	-3.10845	-0.00715785	-0.876813	10	3.64	3.75982	-6.77609	-0.266703	-1.62409	10.8915	3.68106	4.75119	-3.12134	-0.00882716	-0.986966	10.0492	3.64	
3.79658	-8.18159	-0.509461	-1.58275	10.5505	3.7218	4.6768	-3.17412	-0.0143149	-1.32725	10.0647	3.64	4.11525	-6.15349	-0.424427	-1.91593	11.1443	3.79483	4.55896	-3.25753	-0.0187078	-0.990701	10.1546	3.64103	3.95233	-6.84692	-0.259562	-1.81133	10.2963	3.80562	4.62078	-3.20122	-0.0147548	-0.996609	10	3.64	
3.84742	-7.74377	-0.297682	-1.75615	11.0047	3.75634	4.66367	-3.14608	-0.00623037	-1.17643	10.0175	3.63978	3.94117	-5.97136	-0.337729	-2.02003	10.6771	3.80502	4.63572	-3.14289	-0.00644472	-1.22098	10	3.64	3.78315	-6.58223	-0.302266	-1.73998	10.6205	3.72541	4.68363	-3.13093	-0.0101305	-0.773469	10	3.64	
3.99192	-8.17971	-0.360403	-1.82839	10.5375	3.77952	4.62522	-3.14841	-0.00783258	-1.10205	9.98046	3.64	3.91302	-6.03599	-0.309662	-1.72032	10.6895	3.8042	4.55895	-3.14393	-0.00562466	-1.08482	10.0202	3.64	3.76158	-6.63894	-0.264593	-1.93961	10.4248	3.75423	4.69407	-3.13047	-0.00913978	-0.78254	10	3.64	
4.00589	-7.99882	-0.361536	-1.93967	10.9682	3.757	4.60583	-3.14827	-0.00804953	-1.0414	9.99993	3.64	3.94582	-6.27358	-0.314382	-2.02678	10.4599	3.81822	4.61667	-3.1416	-0.00532663	-1.0576	10.0097	3.64	3.77538	-6.53891	-0.248371	-1.89366	10.5189	3.74036	4.68097	-3.13068	-0.00835423	-0.686255	10	3.64	
3.8255	-7.38279	-0.186595	-1.96297	11.2093	3.75503	4.62941	-3.14311	-0.00695722	-1.055	10.0036	3.64	3.92803	-6.37095	-0.327592	-2.15267	10.6886	3.76721	4.70036	-3.13717	-0.0082935	-1.02933	10.0123	3.64	3.84201	-7.21683	-0.287706	-1.81687	10.6176	3.73876	4.64557	-3.13604	-0.00878928	-0.8149	10	3.64	
3.89369	-7.94579	-0.444114	-2.20838	11.0442	3.74791	4.64763	-3.1488	-0.00672841	-1.21623	10.0325	3.64308	3.98297	-5.90013	-0.387889	-1.84932	11.2801	3.7921	4.54899	-3.16035	-0.00618012	-1.3637	10.0364	3.64315	3.71484	-6.54417	-0.282509	-1.93133	10.7602	3.6997	4.659	-3.13573	-0.00906007	-0.84371	10	3.64	
3.79481	-7.10178	-0.132532	-1.80261	10.968	3.72593	4.66665	-3.14607	-0.00650918	-1.2196	10	3.63793	3.87213	-6.17639	-0.242333	-2.06404	10.5256	3.71737	4.76613	-3.29103	-0.186691	-0.94595	9.82178	3.63873	3.79476	-7.56157	-0.821766	-1.69701	10.8029	3.66955	4.67311	-3.13203	-0.00916954	-0.719636	10	3.64	
3.86019	-7.8692	-0.43317	-1.89877	10.7777	3.73609	4.63237	-3.16002	-0.0111203	-1.11425	10.0139	3.64486	3.72474	-6.05079	-0.25625	-1.86312	10.6256	3.66322	4.27451	-3.6773	-0.0462388	-1.29479	10.1819	3.63851	3.84661	-6.22739	-0.298639	-1.86874	10.6611	3.69612	4.55531	-3.26054	-0.0478354	-0.972737	10.1621	3.64	
3.88097	-7.63241	-0.392691	-1.66565	10.5389	3.77709	4.70031	-3.07567	-0.00844118	-0.990323	9.97353	3.64315	3.80714	-6.87572	-0.275142	-1.7734	10.7033	3.73757	4.29686	-3.54226	-0.0734143	-1.29877	10.5916	3.65118	3.79027	-6.49161	-0.185738	-1.90812	10.7991	3.70715	4.66785	-3.19954	-0.0176539	-0.91544	10.1295	3.64025	
3.87507	-8.13668	-0.538085	-1.84955	11.0612	3.75174	4.57999	-3.18455	-0.0168065	-1.10688	10.0163	3.64	3.69034	-5.64858	-0.218353	-1.94272	10.3194	3.65203	4.31861	-3.85565	-0.0873033	-1.31674	10.2764	3.63918	3.8602	-6.32013	-0.156675	-1.75155	10.5624	3.69901	4.64851	-3.18619	-0.0152615	-1.00737	10.0311	3.64111	
3.80491	-7.30328	-0.288465	-1.95296	10.7623	3.71959	4.54427	-3.20207	-0.0146997	-1.12081	10.0909	3.65009	3.8006	-6.5752	-0.394023	-1.5508	10.4209	3.6591	4.32148	-3.63891	-0.0466795	-1.4903	10.1669	3.64303	3.81843	-6.65321	-0.212999	-2.10474	10.903	3.77148	4.47617	-3.28231	-0.0317426	-1.12543	10.0985	3.63949	
3.88351	-7.81201	-0.318752	-2.2239	10.579	3.75689	4.52982	-3.19945	-0.0142595	-1.30043	10.0708	3.64	3.71997	-6.63439	-0.289094	-1.9307	10.4522	3.66542	4.4347	-3.56414	-0.0568238	-1.49157	10.1667	3.6366	3.89644	-6.83096	-0.218171	-1.81171	10.6767	3.70647	4.54808	-3.22547	-0.0219516	-0.980942	10.1284	3.64308	
3.74277	-7.40062	-0.317739	-2.08133	10.8918	3.69619	4.26905	-3.70714	-0.0632806	-1.5024	10.3009	3.63868	3.94025	-6.8279	-0.353375	-1.74679	10.884	3.72296	4.04661	-4.63473	-0.123632	-1.95054	10.4221	3.64676	3.86384	-6.63	-0.281555	-1.73753	10.8458	3.71684	4.16656	-3.88525	-0.132812	-1.65427	10.4965	3.64807	
3.931	-7.4094	-0.272442	-1.89782	10.8422	3.79313	4.43091	-3.35368	-0.0208179	-1.6223	10.0817	3.65977	4.2675	-3.77678	-0.0717505	-1.53645	10.5381	3.74151	4.60893	-3.159	-0.0106101	-1.03587	10.0724	3.64	4.05214	-6.15338	-0.123579	-1.70143	10.7411	3.81748	4.44489	-3.31713	-0.0480087	-1.23676	10.1418	3.64	
3.74389	-6.98063	-0.184331	-1.84994	10.7603	3.72304	4.63404	-3.1869	-0.00943548	-1.43473	10.0341	3.65434	4.05518	-4.15299	-0.0911295	-1.78761	10.4259	3.73321	4.63348	-3.25953	-0.0488388	-1.20689	10	3.64	3.9413	-6.18651	-0.0845972	-1.8116	10.3489	3.77975	4.44203	-3.55197	-0.0902776	-1.33533	10.32	3.64879	
3.72814	-6.76099	-0.236242	-1.70045	10.7893	3.73278	4.6308	-3.15312	-0.00882301	-1.21625	10.0702	3.64	4.26538	-3.79527	-0.101411	-2.08383	10.3627	3.68001	4.65557	-3.13389	-0.00793519	-0.95233	10	3.64	3.8456	-6.73305	-0.116232	-1.76041	11.1162	3.72458	4.50178	-3.24241	-0.0185829	-1.30114	10.1298	3.63216	
4.01699	-7.07489	-0.0659327	-1.80397	10.9763	3.82709	4.65735	-3.15253	-0.0103065	-1.31573	10.0009	3.64	4.14882	-3.87747	-0.0918552	-1.6166	10.3839	3.68739	4.67512	-3.17124	-0.0102311	-0.928307	10	3.64903	3.87887	-7.18423	-0.283754	-1.76832	11.2642	3.71144	4.61002	-3.2245	-0.0219129	-1.17683	9.98379	3.64802	
3.86487	-7.36745	-0.283803	-1.89618	11.2371	3.73608	4.67399	-3.15131	-0.00757577	-1.05762	10.001	3.64	4.10869	-4.16331	-0.183312	-1.79928	10.942	3.70705	4.60394	-3.14425	-0.0104147	-0.954805	10.0092	3.6362	3.78117	-6.34504	-0.134568	-1.78057	10.8499	3.6879	4.46986	-3.26935	-0.0284387	-1.40305	10.2104	3.63675	
4.0364	-8.23576	-0.41701	-1.99858	10.8003	3.80093	4.6125	-3.16133	-0.011019	-1.17123	10	3.64657	4.18385	-4.55153	-0.0905893	-1.71159	10.1976	3.82	4.61872	-3.14993	-0.0112289	-0.76481	10	3.64	3.97359	-6.29316	-0.277666	-2.14449	10.8422	3.83491	4.6253	-3.18154	-0.0190202	-0.835209	10.0251	3.64378	
3.89809	-7.92508	-0.432644	-1.82418	10.7838	3.75904	4.6199	-3.16505	-0.0111117	-0.999594	10	3.64	4.01871	-4.7858	-0.28616	-1.82281	11.2457	3.74416	4.59161	-3.14091	-0.00843512	-0.886236	10	3.64	3.94221	-6.1255	-0.378476	-1.99981	11.4738	3.80488	4.63217	-3.18902	-0.0282295	-0.790562	10.0655	3.64041	
3.89847	-8.09099	-0.486963	-1.75885	10.6742	3.75806	4.61278	-3.15899	-0.00906494	-0.897785	10.0123	3.64	3.90915	-6.23543	-0.443327	-2.00147	10.834	3.76162	4.6168	-3.13979	-0.00682279	-0.912359	10	3.64	3.87982	-6.46172	-0.344303	-1.8069	10.7796	3.75883	4.65418	-3.16032	-0.0145245	-0.83857	10.0267	3.64	
3.87346	-7.75889	-0.427122	-1.59064	10.7946	3.71832	4.72291	-3.15401	-0.0100475	-1.03671	10.0272	3.64742	4.02991	-5.00095	-0.451638	-1.8466	11.7907	3.7599	4.63342	-3.13464	-0.00618003	-0.894407	9.98939	3.64063	3.97984	-6.628	-0.40732	-1.7883	10.8861	3.75783	4.69295	-3.12813	-0.00980486	-0.741335	10.0238	3.64	
3.82572	-7.59913	-0.382052	-1.60714	10.7679	3.73536	4.59351	-3.17498	-0.0121371	-1.07691	10.0429	3.64141	3.81173	-5.75049	-0.26818	-1.71566	10.9021	3.77616	4.5205	-3.19964	-0.0127659	-1.05254	10.0301	3.64	3.85014	-6.81116	-0.296666	-2.52178	10.6111	3.73795	4.52846	-3.2408	-0.0236719	-0.888016	10.134	3.64382	
3.92901	-8.26493	-0.565247	-1.72371	10.4387	3.75303	4.69655	-3.16186	-0.0107517	-1.03664	10.0092	3.64149	3.90357	-6.57945	-0.432086	-1.66563	10.9805	3.78677	4.54128	-3.21936	-0.017792	-1.03119	10.0505	3.63864	3.82206	-6.01808	-0.2216	-1.73119	10.4325	3.76324	4.58417	-3.13278	-0.0126492	-0.694508	10.0679	3.64	
4.05318	-8.39859	-0.46425	-1.86703	10.7276	3.77175	4.66176	-3.19197	-0.0143121	-1.18631	10.0498	3.64659	4.03715	-5.90854	-0.255561	-1.90822	10.3882	3.81942	4.48297	-3.27799	-0.0241201	-1.45743	10.0653	3.63883	3.80786	-6.09022	-0.172964	-1.78384	10.5343	3.75391	4.61588	-3.13993	-0.0146089	-0.826683	10.0627	3.64331	
3.96561	-8.04569	-0.352119	-1.7453	10.6131	3.77661	4.49976	-3.47779	-0.0498172	-1.24447	10.0238	3.64884	3.8921	-5.4318	-0.220454	-1.63545	11.1784	3.71343	4.54325	-3.20722	-0.0191123	-1.04561	10.128	3.64132	3.89692	-5.74495	-0.198592	-1.86986	10.6766	3.78575	4.51758	-3.3885	-0.053386	-1.30593	10.1393	3.65257	
3.91115	-8.18604	-0.428346	-1.85934	10.5288	3.78233	4.64234	-3.1575	-0.0117785	-1.06862	10.0101	3.64154	3.86781	-5.68306	-0.318874	-2.01839	11.0017	3.74036	4.62028	-3.16728	-0.0140408	-0.836654	10.0351	3.64	3.86719	-6.19026	-0.360958	-2.01593	11.071	3.77181	4.60018	-3.21596	-0.0180218	-0.914309	10.059	3.64	
3.91626	-7.6	-0.362434	-1.82179	10.6021	3.73766	4.68518	-3.14724	-0.00648042	-0.91113	10.0214	3.64602	3.87129	-4.6262	-0.17544	-1.9741	10.7716	3.72187	4.60778	-3.13541	-0.00703354	-0.822565	10.0043	3.64	3.93256	-6.45506	-0.407647	-2.19652	11.1083	3.82163	4.66831	-3.18346	-0.0151501	-0.817858	9.9933	3.64	
3.86489	-7.64701	-0.353234	-1.75868	10.5107	3.78092	4.6425	-3.14678	-0.0119771	-0.995242	9.99888	3.63981	3.90608	-5.18327	-0.309163	-1.77094	11.0221	3.72945	4.60366	-3.19633	-0.0145428	-1.01699	10.0209	3.64	3.81385	-6.40372	-0.226383	-1.83324	10.6356	3.76192	4.68002	-3.15428	-0.0113476	-0.811759	10.0424	3.64	
3.81238	-7.52637	-0.348158	-1.75114	10.7797	3.76331	4.59463	-3.14617	-0.00900071	-0.88489	10.0176	3.63943	3.87926	-4.95464	-0.232174	-1.88659	10.7719	3.73721	4.59271	-3.18906	-0.0135897	-1.00355	10.0365	3.64	3.90728	-6.52224	-0.326052	-1.81616	10.7923	3.72478	4.65609	-3.15086	-0.0126788	-0.788171	10.0107	3.64	
3.82383	-7.54797	-0.396982	-1.60612	10.9953	3.74211	4.63177	-3.15718	-0.0121902	-1.12206	10.0002	3.64045	3.84958	-4.98504	-0.249894	-1.8158	10.611	3.69567	4.61358	-3.19487	-0.0190127	-1.10597	10.0393	3.64248	3.90865	-6.70648	-0.34621	-1.67503	11.0326	3.75819	4.68902	-3.14209	-0.0104565	-0.739822	10.0068	3.64002	
