  4.1903208e+000  6.4758983e-001  3.6207830e-001  2.4469530e-001  1.7360246e-001  1.2098834e-001  7.9857368e-002  5.0362172e-002  3.0110730e-002  1.5424024e-002  7.1848812e-003  7.8765502e-003  1.0000000e-002
  4.0562742e+000  6.7559857e-001  3.6040509e-001  2.0277851e-001  9.8959151e-002  3.0860522e-002  9.2166094e-004  6.8382945e-003  3.7689688e-002  6.1793408e-002  6.5956082e-002  5.9757722e-002  9.9000000e-001
  4.0926291e+000  6.9653514e-001  4.0427741e-001  2.7025256e-001  1.7639787e-001  1.0532014e-001  5.8917628e-002  3.8145718e-002  3.4150803e-002  3.4915843e-002  3.4789560e-002  3.2651810e-002  1.0000000e-002
  4.9975048e+000  6.3789801e-001  3.5469284e-001  2.3928442e-001  1.7400412e-001  1.3687494e-001  1.2160776e-001  1.2074173e-001  1.1844738e-001  1.0124381e-001  7.1951891e-002  4.3600152e-002  9.9000000e-001
  3.8399676e+000  7.6146309e-001  4.5417785e-001  3.0431267e-001  1.9381039e-001  1.0793620e-001  5.2914709e-002  3.1082485e-002  3.1042286e-002  3.8082657e-002  4.5479436e-002  5.0327710e-002  1.0000000e-002
  4.3638859e+000  7.3042462e-001  4.3871445e-001  2.9687924e-001  1.8830485e-001  8.2338168e-002  1.5162146e-002  5.4126266e-003  1.1140426e-002  3.9461445e-002  6.0144566e-002  7.0263080e-002  9.9000000e-001
  4.3432426e+000  6.1158781e-001  3.4601615e-001  2.4074785e-001  1.7377488e-001  1.2395066e-001  8.7122090e-002  6.1722147e-002  4.4935289e-002  3.3629918e-002  2.5456214e-002  1.8256219e-002  1.0000000e-002
  4.6558834e+000  5.6277038e-001  3.0004619e-001  2.0310113e-001  1.4685359e-001  1.0381273e-001  7.0231335e-002  4.9881023e-002  4.0172387e-002  3.3581167e-002  2.8475508e-002  2.8434144e-002  9.9000000e-001
  4.6085188e+000  6.3354505e-001  3.5626366e-001  2.3455618e-001  1.3399950e-001  1.2891805e-001  1.0954880e-001  9.6176466e-002  7.9968431e-002  6.9386435e-002  5.3541008e-002  3.3661875e-002  1.0000000e-002
  5.5153793e+000  5.6151866e-001  3.0760699e-001  2.1069332e-001  1.5026885e-001  1.1459370e-001  8.9839669e-002  6.7686073e-002  4.9899641e-002  4.3571987e-002  4.5613793e-002  4.5845189e-002  9.9000000e-001
  3.8953811e+000  7.3327220e-001  4.3453561e-001  2.9663781e-001  2.0098877e-001  1.2735360e-001  7.5552111e-002  4.7437603e-002  3.6308799e-002  3.1350149e-002  2.7797987e-002  2.5992197e-002  1.0000000e-002
  4.1029695e+000  5.9586879e-001  3.1789459e-001  2.0402893e-001  1.3284894e-001  7.9945016e-002  4.4406039e-002  2.8819150e-002  2.4607732e-002  1.9266606e-002  1.1648623e-002  8.4481966e-003  9.9000000e-001
  2.6197799e+000  1.1362691e+000  6.6324897e-001  3.7116495e-001  1.6170461e-001  2.7505858e-002  2.5479243e-002  8.9729516e-003  3.5254569e-002  6.4996316e-002  6.9681511e-002  5.9786940e-002  1.0000000e-002
  4.9106818e+000  7.3757831e-001  4.8869754e-001  3.6794222e-001  2.3956474e-001  9.9096364e-002  1.2983777e-002  5.7264249e-002  3.1481526e-002  3.1572355e-002  9.2570912e-002  1.2500138e-001  9.9000000e-001
  4.4887992e+000  5.8168213e-001  3.1420452e-001  2.1833239e-001  1.6961381e-001  1.3767237e-001  1.0992814e-001  8.1951346e-002  5.2903881e-002  2.4854983e-002  3.1797660e-003  7.0143787e-003  1.0000000e-002
  3.4205403e+000  7.7208367e-001  4.6404949e-001  2.7402432e-001  1.1190478e-001  1.5185998e-003  2.7080504e-002  1.8242239e-002  8.2836817e-002  1.1296518e-001  1.0450063e-001  8.5019831e-002  9.9000000e-001
  3.9420766e+000  7.0000661e-001  4.0774676e-001  2.7342410e-001  1.8165167e-001  1.1276349e-001  6.4345371e-002  3.8614330e-002  3.1976760e-002  3.3752856e-002  3.5517493e-002  3.6092957e-002  1.0000000e-002
  5.3391063e+000  5.2690695e-001  2.7970029e-001  1.9911156e-001  1.5697360e-001  1.2397019e-001  9.3024082e-002  6.5926489e-002  4.3439871e-002  2.4036615e-002  9.0752568e-003  2.0869296e-003  9.9000000e-001
  4.3101921e+000  6.2281628e-001  3.4933903e-001  2.3848035e-001  1.6955366e-001  1.1788151e-001  7.8992720e-002  5.6318043e-002  4.8627482e-002  4.7519814e-002  4.7081889e-002  4.8042833e-002  1.0000000e-002
  4.9444163e+000  6.4490467e-001  3.6952828e-001  2.5247077e-001  1.7055536e-001  1.0776593e-001  6.7738661e-002  4.9149487e-002  4.3210655e-002  4.4842936e-002  5.4305585e-002  6.7152718e-002  9.9000000e-001
  4.9167704e+000  5.7356600e-001  3.0887471e-001  2.0814812e-001  1.4989521e-001  1.1101451e-001  8.5671536e-002  7.1301993e-002  6.2637067e-002  5.3482203e-002  4.1766299e-002  2.9418637e-002  1.0000000e-002
  6.2961853e+000  5.0708954e-001  2.5335531e-001  1.6260253e-001  1.1195067e-001  7.9878636e-002  6.1181937e-002  5.3310622e-002  5.2758837e-002  5.5265992e-002  5.7370579e-002  5.7128331e-002  9.9000000e-001
  4.4486532e+000  5.9903275e-001  3.3125583e-001  2.3081566e-001  1.7380455e-001  1.3299968e-001  1.0136862e-001  7.9023813e-002  6.3457387e-002  4.9320208e-002  3.5346020e-002  2.4573115e-002  1.0000000e-002
  4.2631864e+000  7.3579194e-001  4.4363854e-001  3.3003514e-001  2.5473073e-001  1.7371251e-001  9.9305033e-002  6.5247976e-002  2.6731951e-002  3.8624349e-002  4.8714440e-002  7.1089192e-002  9.9000000e-001
  3.8798768e+000  7.3208859e-001  4.3218936e-001  2.7543383e-001  1.4956446e-001  1.0041439e-001  5.9278461e-002  4.1441431e-002  3.5867071e-002  4.0062587e-002  3.7521971e-002  3.0399725e-002  1.0000000e-002
  3.7773688e+000  7.0819803e-001  3.8873411e-001  2.2378010e-001  1.1914773e-001  5.1056307e-002  5.3835285e-003  9.6915758e-003  8.8145879e-003  3.5604673e-002  4.4515218e-002  4.0887635e-002  9.9000000e-001
  4.2757183e+000  6.1271507e-001  3.4472313e-001  2.4411477e-001  1.8551524e-001  1.4096674e-001  1.0372308e-001  7.4628634e-002  5.3448275e-002  3.7981317e-002  2.7633659e-002  2.2791218e-002  1.0000000e-002
  5.3493501e+000  5.7726674e-001  3.0843905e-001  2.0323446e-001  1.4298056e-001  1.0720199e-001  9.2076821e-002  9.2975595e-002  9.6907777e-002  9.0859183e-002  7.4118976e-002  5.4980192e-002  9.9000000e-001
  4.2824351e+000  6.5475369e-001  3.6805508e-001  2.4412526e-001  1.6593440e-001  1.1838743e-001  9.2306441e-002  8.3459243e-002  7.9721840e-002  7.1703175e-002  5.6768159e-002  4.2911661e-002  1.0000000e-002
  4.4705968e+000  7.2940137e-001  4.0513970e-001  2.4257257e-001  1.3822155e-001  7.0668848e-002  3.2894686e-002  2.1218104e-002  2.4719049e-002  3.0440668e-002  3.5227766e-002  4.1932229e-002  9.9000000e-001
  3.7087128e+000  7.7892481e-001  4.7170765e-001  3.1277837e-001  1.9097312e-001  9.8539937e-002  4.0553727e-002  1.5522620e-002  1.4855654e-002  2.8967315e-002  4.8040121e-002  6.0304113e-002  1.0000000e-002
  3.8227940e+000  8.8138160e-001  5.7782432e-001  3.8339145e-001  2.0493090e-001  6.8924079e-002  9.2710296e-003  2.5914122e-002  7.6770272e-002  1.1194411e-001  1.1348627e-001  9.4443071e-002  9.9000000e-001
  4.8858395e+000  5.6313509e-001  3.0312852e-001  2.0787396e-001  1.5334190e-001  1.1553172e-001  8.7610347e-002  6.7417480e-002  5.2801035e-002  4.0998789e-002  3.0190317e-002  2.0021744e-002  1.0000000e-002
  5.6486239e+000  4.8971169e-001  2.4151780e-001  1.5994827e-001  1.1932050e-001  9.5042302e-002  7.8784097e-002  6.6362319e-002  5.6243864e-002  4.8682507e-002  4.3615262e-002  3.9893283e-002  9.9000000e-001
  5.3464606e+000  5.3466339e-001  2.8316269e-001  1.9878171e-001  1.5865960e-001  1.3830782e-001  1.2415744e-001  1.0704811e-001  8.6671829e-002  6.7757764e-002  5.1873646e-002  3.7733859e-002  1.0000000e-002
  3.9808839e+000  8.6523616e-001  4.8898066e-001  2.7805156e-001  1.4003621e-001  5.2422637e-002  5.6667735e-003  4.7411937e-003  8.0635751e-003  2.6083570e-002  4.0626822e-002  5.1074676e-002  9.9000000e-001
  4.4373743e+000  6.6038057e-001  3.8274683e-001  2.6388896e-001  1.8519017e-001  1.2798430e-001  8.8085426e-002  6.3695401e-002  5.2123391e-002  4.8192209e-002  4.5473530e-002  3.9915252e-002  1.0000000e-002
  5.3091194e+000  5.5707293e-001  2.9179682e-001  1.8975044e-001  1.3463623e-001  1.0586316e-001  9.4153090e-002  9.1002506e-002  8.8169229e-002  8.0458216e-002  6.7869485e-002  5.3867728e-002  9.9000000e-001
  4.3945179e+000  6.0600929e-001  3.4644666e-001  2.4705651e-001  1.8472963e-001  1.3673525e-001  9.9952337e-002  7.5746015e-002  6.2486671e-002  5.6049572e-002  5.3640168e-002  5.3141222e-002  1.0000000e-002
  3.4057773e+000  8.0571271e-001  4.6932220e-001  2.8186822e-001  1.3891968e-001  2.9528980e-002  2.9459210e-002  2.3719547e-002  2.2632401e-002  5.9931551e-002  6.2027040e-002  4.1320169e-002  9.9000000e-001
  2.2925183e+000  1.2483052e+000  7.6207107e-001  4.2038002e-001  1.5560522e-001  1.3120120e-002  6.5375940e-002  2.0072248e-002  5.5705975e-002  9.4913707e-002  8.3468396e-002  5.1048818e-002  1.0000000e-002
  4.1422447e+000  7.7713283e-001  4.7481596e-001  3.2552393e-001  2.1660473e-001  1.3230900e-001  7.9982983e-002  6.4809981e-002  7.2046452e-002  7.9529203e-002  7.9915583e-002  7.7230090e-002  9.9000000e-001
  3.6899924e+000  8.3367240e-001  5.2412379e-001  3.5371932e-001  2.0688422e-001  8.0893985e-002  6.8436121e-004  1.7392106e-002  1.1355358e-002  5.1717229e-002  7.7345976e-002  8.0551233e-002  1.0000000e-002
  4.6118969e+000  6.6075758e-001  3.7442173e-001  2.4665115e-001  1.5966118e-001  9.1524871e-002  4.2954653e-002  2.0396210e-002  1.9642658e-002  2.7419147e-002  3.6060873e-002  4.5597064e-002  9.9000000e-001
  5.0865899e+000  5.4445462e-001  2.8958773e-001  1.9997477e-001  1.4712853e-001  1.0476160e-001  6.8255918e-002  4.0694976e-002  2.5433176e-002  2.2648784e-002  2.9251702e-002  4.0041885e-002  1.0000000e-002
  3.0054017e+000  8.6026495e-001  5.3590096e-001  3.0889124e-001  1.0312282e-001  3.0175910e-002  4.9054041e-002  2.4202382e-002  1.0630886e-001  1.2455891e-001  8.2256830e-002  3.4411825e-002  9.9000000e-001
  4.7608445e+000  5.4900722e-001  2.9718917e-001  2.0717833e-001  1.5583830e-001  1.2271926e-001  9.9658841e-002  8.0145751e-002  6.2966611e-002  5.0433865e-002  4.1429023e-002  3.1717368e-002  1.0000000e-002
  4.8881194e+000  6.1185030e-001  3.4456096e-001  2.3328878e-001  1.5778816e-001  1.0181620e-001  6.9692025e-002  6.3456699e-002  7.0972293e-002  7.5256130e-002  7.0882555e-002  6.2720338e-002  9.9000000e-001
  4.7177455e+000  5.8531238e-001  3.2241373e-001  2.2100395e-001  1.5982187e-001  1.1551191e-001  8.3179474e-002  6.3913042e-002  5.6110683e-002  5.3769209e-002  5.1866995e-002  4.8925971e-002  1.0000000e-002
  4.3965310e+000  7.3415344e-001  4.3919815e-001  2.8347503e-001  1.5960869e-001  6.6508198e-002  1.8372431e-002  1.6668988e-002  3.8851409e-002  5.6058044e-002  5.8200833e-002  5.2470384e-002  9.9000000e-001
  4.7744258e+000  5.9630257e-001  3.2596742e-001  2.2033684e-001  1.5821724e-001  1.1586948e-001  8.5928736e-002  6.5830554e-002  5.2351002e-002  4.3229585e-002  3.5712133e-002  3.0217565e-002  1.0000000e-002
  4.6176289e+000  6.8472745e-001  4.0234032e-001  2.7995409e-001  1.9572579e-001  1.2881257e-001  8.2647455e-002  6.1944297e-002  5.8487349e-002  5.9041676e-002  5.9442754e-002  6.1235619e-002  9.9000000e-001
  5.2274360e+000  6.2482419e-001  3.6010511e-001  2.5608659e-001  1.9116278e-001  1.4434718e-001  1.0936277e-001  8.2768808e-002  6.3177705e-002  5.0344116e-002  4.2892021e-002  3.8081892e-002  1.0000000e-002
  4.6842391e+000  5.4849573e-001  2.9207089e-001  1.9701965e-001  1.3876559e-001  9.8556820e-002  7.2681041e-002  5.5733552e-002  4.3578094e-002  3.7319569e-002  3.7608427e-002  3.9494228e-002  9.9000000e-001
  5.5177381e+000  5.3008535e-001  2.8088135e-001  1.9707334e-001  1.5304656e-001  1.2344212e-001  1.0070917e-001  8.2616561e-002  6.8019446e-002  5.5945444e-002  4.6112818e-002  3.8651213e-002  1.0000000e-002
  5.7849437e+000  4.6052267e-001  2.0567948e-001  1.2162510e-001  8.1569103e-002  5.8567726e-002  4.4030982e-002  3.4787367e-002  2.8382905e-002  2.2900311e-002  1.8164201e-002  1.4816547e-002  9.9000000e-001
  5.5920365e+000  4.9089750e-001  2.4273627e-001  1.6203406e-001  1.2455632e-001  1.0538532e-001  9.3479417e-002  8.2272926e-002  7.0223762e-002  5.8734683e-002  4.8277711e-002  3.8406597e-002  1.0000000e-002
  5.3350921e+000  6.0387854e-001  3.3346434e-001  2.2262898e-001  1.5639170e-001  1.1614277e-001  9.4061297e-002  8.2864907e-002  7.5924191e-002  6.8700005e-002  5.9359849e-002  4.8624480e-002  9.9000000e-001
  5.0005857e+000  5.6555229e-001  3.1303991e-001  2.2392360e-001  1.7367642e-001  1.3823898e-001  1.1119558e-001  9.0740343e-002  7.5350234e-002  6.3377849e-002  5.3975154e-002  4.6788202e-002  1.0000000e-002
  4.1365504e+000  5.3476248e-001  2.8308373e-001  1.9210995e-001  1.3202951e-001  8.3123095e-002  5.4529600e-002  5.4265744e-002  6.9815481e-002  7.9670422e-002  7.6750634e-002  6.7647905e-002  9.9000000e-001
  5.1064264e+000  5.6664582e-001  3.0801774e-001  2.1632819e-001  1.6658375e-001  1.3304772e-001  1.0845540e-001  9.0025957e-002  7.4047709e-002  5.7328467e-002  4.0388385e-002  2.6045989e-002  1.0000000e-002
  4.4621564e+000  7.0478465e-001  4.2422185e-001  3.0433441e-001  2.2339627e-001  1.5540003e-001  1.0059644e-001  6.8130538e-002  5.5860783e-002  5.0950926e-002  4.6913318e-002  4.6163296e-002  9.9000000e-001
  5.8138767e+000  5.0078002e-001  2.5119328e-001  1.6845316e-001  1.2763120e-001  1.0374433e-001  8.7946214e-002  7.5968799e-002  6.5848907e-002  5.6997350e-002  4.9229899e-002  4.2423089e-002  1.0000000e-002
  4.7202161e+000  5.4864911e-001  2.7614752e-001  1.6702418e-001  1.0667530e-001  7.5121679e-002  6.9797803e-002  8.5791043e-002  1.0341824e-001  1.0527168e-001  8.9473852e-002  6.9623330e-002  9.9000000e-001
  3.6059923e+000  7.4458552e-001  4.4690072e-001  2.9897640e-001  1.9006563e-001  1.0024988e-001  4.4913354e-002  2.0919881e-002  1.9541238e-002  2.5576715e-002  2.9291578e-002  2.8293780e-002  1.0000000e-002
  6.7642062e+000  4.9686947e-001  2.4579757e-001  1.5915916e-001  1.3920609e-001  9.0551759e-002  7.7871991e-002  6.9909239e-002  6.2024970e-002  5.9080339e-002  5.4058542e-002  4.6936979e-002  9.9000000e-001
  7.9308689e+000  4.8838357e-001  2.3774630e-001  1.5200339e-001  1.0582955e-001  7.4729376e-002  5.1792243e-002  3.5412816e-002  2.5531270e-002  2.1769715e-002  2.2728670e-002  2.6267677e-002  1.0000000e-002
  5.8910062e+000  1.0445895e+000  6.7480036e-001  4.1584347e-001  1.8746471e-001  1.7120871e-002  6.6295537e-002  5.9359624e-002  9.3589200e-003  8.6438812e-002  1.2074249e-001  9.7813655e-002  9.9000000e-001
  8.6075458e+000  5.1168316e-001  2.5611240e-001  1.6620624e-001  1.1806473e-001  8.7687867e-002  6.7495491e-002  5.4187592e-002  4.5621817e-002  3.9934568e-002  3.5529599e-002  3.1218518e-002  1.0000000e-002
  8.1107799e+000  5.4898003e-001  2.8833093e-001  1.9188101e-001  1.3673338e-001  9.9950688e-002  7.5070957e-002  5.9576257e-002  5.1257965e-002  4.7396823e-002  4.5301404e-002  4.2723760e-002  9.9000000e-001
  5.3421999e+000  6.5213928e-001  3.7349324e-001  2.5315189e-001  1.7500232e-001  1.2054041e-001  8.6460077e-002  7.1454713e-002  7.2180362e-002  7.4150301e-002  7.8141550e-002  7.7427117e-002  1.0000000e-002
  5.6146305e+000  6.1252963e-001  3.4882872e-001  2.4027607e-001  1.6701541e-001  1.1312673e-001  7.9487409e-002  6.6315111e-002  6.7338428e-002  7.2757757e-002  7.5541425e-002  7.3140504e-002  9.9000000e-001
  4.3762538e+000  7.0549128e-001  4.0529415e-001  2.6164759e-001  1.6157260e-001  8.7174051e-002  4.3945657e-002  3.7354892e-002  5.3150724e-002  6.7423090e-002  7.0457843e-002  6.6670173e-002  1.0000000e-002
  3.4453057e+000  1.0322951e+000  5.7640899e-001  2.6893549e-001  8.1851252e-002  4.3673473e-003  2.3716212e-003  3.9062367e-002  7.2277106e-002  7.3857718e-002  5.5853246e-002  4.8323695e-002  9.9000000e-001
  4.7826071e+000  7.0255732e-001  4.1209556e-001  2.6389126e-001  1.4789642e-001  5.8636160e-002  8.0934672e-003  1.0748101e-004  1.7892373e-002  3.7106025e-002  4.7070421e-002  5.0802025e-002  1.0000000e-002
  5.2337060e+000  6.3955973e-001  3.6256060e-001  2.3739352e-001  1.4786134e-001  7.9573811e-002  3.6948636e-002  2.2440960e-002  2.5734850e-002  3.1707918e-002  3.4799796e-002  3.7715099e-002  9.9000000e-001
  5.7367005e+000  5.2043527e-001  2.6699957e-001  1.8219849e-001  1.3897517e-001  1.1011106e-001  8.9479284e-002  7.6137812e-002  6.6444547e-002  5.6559747e-002  4.7537103e-002  4.2284078e-002  1.0000000e-002
  3.4154404e+000  7.6900974e-001  3.9317104e-001  1.9293239e-001  8.8346676e-002  5.0854304e-002  5.3869237e-002  7.5389969e-002  8.8946915e-002  7.6126910e-002  4.6638933e-002  2.4069931e-002  9.9000000e-001
  5.8882217e+000  6.4165472e-001  3.6461589e-001  2.4671740e-001  1.6933608e-001  1.1231148e-001  7.3997798e-002  5.5329688e-002  5.0896130e-002  5.2008325e-002  5.3007131e-002  5.3108275e-002  1.0000000e-002
  4.3565746e+000  8.1275236e-001  4.8694892e-001  3.1792342e-001  2.0130912e-001  1.1792057e-001  6.7924727e-002  5.3334835e-002  4.9517260e-002  6.8333457e-002  6.6579114e-002  6.5508933e-002  9.9000000e-001
  5.7214778e+000  7.9933234e-001  4.6441778e-001  2.8104025e-001  1.5769737e-001  8.6318070e-002  5.9807926e-002  6.2705467e-002  7.2492922e-002  7.1774134e-002  5.9603402e-002  4.6273778e-002  1.0000000e-002
  4.5796210e+000  5.3051749e-001  2.7078055e-001  1.8184114e-001  1.3686517e-001  1.0395547e-001  7.7607899e-002  6.2887069e-002  5.7119649e-002  5.0880760e-002  4.3104351e-002  4.0943057e-002  9.9000000e-001
  7.0119818e+000  5.1385108e-001  2.6308655e-001  1.7999800e-001  1.3881212e-001  1.1331898e-001  9.5548022e-002  8.2601718e-002  7.1517372e-002  5.9819689e-002  4.7759562e-002  3.7383980e-002  1.0000000e-002
  5.9597926e+000  5.1012957e-001  2.5580203e-001  1.6921596e-001  1.2457833e-001  9.4889481e-002  7.3868143e-002  6.1371274e-002  5.4524923e-002  4.8661810e-002  4.3090999e-002  3.9930019e-002  9.9000000e-001
  6.7807800e+000  5.2056878e-001  2.6625224e-001  1.7859611e-001  1.3604978e-001  1.1261894e-001  1.0053068e-001  9.2811237e-002  8.4673719e-002  7.3662878e-002  6.0130884e-002  4.6241403e-002  1.0000000e-002
  5.4795195e+000  5.1060880e-001  2.6393842e-001  1.8579004e-001  1.4790327e-001  1.2309855e-001  1.0687560e-001  9.9382190e-002  9.4590314e-002  8.4457855e-002  6.8701990e-002  5.2570551e-002  9.9000000e-001
  6.1875566e+000  5.2589345e-001  2.7518380e-001  1.9067298e-001  1.4751354e-001  1.2153554e-001  1.0364595e-001  8.8537947e-002  7.4683245e-002  6.3467068e-002  5.5552112e-002  4.9552140e-002  1.0000000e-002
  4.6874375e+000  5.0948274e-001  2.5112574e-001  1.5386261e-001  9.5181246e-002  5.6640441e-002  4.3066352e-002  5.6696936e-002  8.1465488e-002  9.5416522e-002  9.2789950e-002  8.1802356e-002  9.9000000e-001
  6.4343081e+000  7.0337891e-001  4.3348504e-001  3.0768624e-001  2.0058867e-001  9.9659607e-002  1.9730740e-002  1.9769188e-002  1.2625021e-002  2.6527710e-002  7.0936950e-002  9.8043194e-002  1.0000000e-002
  6.0217570e+000  8.8222032e-001  5.6118930e-001  3.7180070e-001  2.0944537e-001  7.6477470e-002  5.0991414e-003  2.1302081e-002  1.3673394e-002  6.3944129e-002  9.5546969e-002  9.8687259e-002  9.9000000e-001
  5.7369794e+000  7.2395141e-001  4.3377315e-001  2.9515720e-001  2.0535187e-001  1.5899032e-001  1.4297370e-001  1.3520111e-001  1.0130797e-001  1.0602420e-001  7.5838416e-002  4.2866567e-002  1.0000000e-002
  6.8904733e+000  5.6040967e-001  3.0966629e-001  2.2400322e-001  1.7823921e-001  1.4814255e-001  1.2563484e-001  1.0680437e-001  9.0376175e-002  7.6733443e-002  6.5869784e-002  5.6716914e-002  9.9000000e-001
  5.6527272e+000  5.7157913e-001  3.1082820e-001  2.1237451e-001  1.5903761e-001  1.3087554e-001  1.1634330e-001  1.0428279e-001  8.9258916e-002  7.2056755e-002  5.4787002e-002  3.9216113e-002  1.0000000e-002
  4.1907576e+000  7.5229343e-001  4.4851093e-001  3.1357737e-001  2.2384102e-001  1.4595706e-001  7.7194998e-002  2.9880007e-002  9.9157172e-003  1.2265000e-002  3.0089685e-002  5.5990270e-002  9.9000000e-001
  3.9065206e+000  9.7383166e-001  6.1219801e-001  3.8485484e-001  2.0767121e-001  8.2502617e-002  2.3698465e-002  3.2068342e-002  7.2457544e-002  9.9602538e-002  1.0316642e-001  1.0132497e-001  1.0000000e-002
  3.0640269e+000  1.2166988e+000  7.0011444e-001  3.8172230e-001  2.0849034e-001  1.0866108e-001  5.9964263e-002  7.9757232e-002  1.2468708e-001  1.2873058e-001  1.0455994e-001  9.8538970e-002  9.9000000e-001
  5.0567943e+000  6.0110004e-001  3.3314905e-001  2.2386637e-001  1.5588070e-001  1.1159875e-001  8.9626941e-002  8.7126672e-002  9.2396113e-002  9.2049072e-002  8.2329724e-002  6.7881318e-002  1.0000000e-002
  5.2323456e+000  5.2162129e-001  2.7555773e-001  2.0346734e-001  1.7098514e-001  1.4274482e-001  1.1023959e-001  7.7681200e-002  5.0041816e-002  3.0179421e-002  2.1561413e-002  2.5644991e-002  9.9000000e-001
  5.8695650e+000  5.2583703e-001  2.7208291e-001  1.8022253e-001  1.2474620e-001  8.3816247e-002  5.6264248e-002  4.4246599e-002  4.4986051e-002  5.1685785e-002  5.8924438e-002  6.3849777e-002  1.0000000e-002
  6.3260458e+000  4.9960317e-001  2.4698343e-001  1.5946668e-001  1.1134151e-001  7.8937351e-002  5.8377758e-002  4.9832346e-002  5.0343214e-002  5.4595448e-002  5.9209424e-002  6.2931544e-002  9.9000000e-001
  5.7908161e+000  5.1833652e-001  2.6523618e-001  1.8020305e-001  1.4280385e-001  1.2940012e-001  1.2831082e-001  1.2928784e-001  1.2363608e-001  1.0704225e-001  8.1298179e-002  5.2450276e-002  1.0000000e-002
  3.8440522e+000  7.0876021e-001  4.0432445e-001  2.6515873e-001  1.7707928e-001  1.1652328e-001  8.2764024e-002  7.4471014e-002  7.4739560e-002  6.7943385e-002  5.9229834e-002  6.0371932e-002  9.9000000e-001
  5.1346791e+000  5.5532631e-001  2.9936876e-001  2.1047776e-001  1.5794612e-001  1.1321334e-001  7.7708830e-002  5.9978768e-002  5.6453431e-002  5.6200102e-002  5.6692686e-002  6.1367199e-002  1.0000000e-002
  3.5893491e+000  8.9192192e-001  5.5420831e-001  3.6488571e-001  2.1420109e-001  9.6828138e-002  3.1228700e-002  2.7630317e-002  6.1361894e-002  9.2713159e-002  1.0213363e-001  9.4989042e-002  9.9000000e-001
  5.4824347e+000  6.4067742e-001  3.6525037e-001  2.4862317e-001  1.7293454e-001  1.1839336e-001  8.1744277e-002  6.2415024e-002  5.5880324e-002  5.4542011e-002  5.3278016e-002  5.0866253e-002  1.0000000e-002
  2.1092921e+000  1.2161412e+000  6.2423866e-001  2.4604655e-001  5.9408625e-002  9.8529048e-005  9.6931794e-003  7.0304179e-002  1.3167541e-001  1.2460305e-001  6.4797249e-002  3.8659171e-002  9.9000000e-001
  5.3781831e+000  7.1038196e-001  3.9563417e-001  2.3645772e-001  1.3871713e-001  9.1814587e-002  7.9869886e-002  8.1182442e-002  8.0247503e-002  7.1673750e-002  5.6041792e-002  3.6902229e-002  1.0000000e-002
  4.7661395e+000  5.6942750e-001  3.0868774e-001  2.1604297e-001  1.6571590e-001  1.3052216e-001  1.0555085e-001  9.1194413e-002  8.2253954e-002  7.1389642e-002  5.8244790e-002  4.7251145e-002  9.9000000e-001
  5.4466806e+000  7.0214154e-001  3.9264734e-001  2.4033226e-001  1.4750181e-001  1.0157000e-001  8.9266672e-002  9.2176807e-002  9.3615457e-002  8.4878318e-002  6.6863972e-002  4.6129366e-002  1.0000000e-002
  4.6532486e+000  6.5219541e-001  3.6959523e-001  2.4832900e-001  1.6467824e-001  9.5293082e-002  4.2489776e-002  1.3865123e-002  7.1390195e-003  1.3567535e-002  2.6308874e-002  4.1802062e-002  9.9000000e-001
  4.7292220e+000  8.9459209e-001  5.3767497e-001  3.1844832e-001  1.5186457e-001  4.8124060e-002  1.2520972e-002  2.5466857e-002  5.4484725e-002  7.6206960e-002  8.2590413e-002  7.3307813e-002  1.0000000e-002
  4.6146296e+000  5.6544523e-001  3.0943461e-001  2.1878041e-001  1.6454787e-001  1.2547225e-001  1.0027075e-001  8.4809756e-002  7.1608603e-002  5.9820520e-002  5.3810540e-002  5.2220792e-002  9.9000000e-001
  5.9449991e+000  5.0238592e-001  2.5080001e-001  1.6655237e-001  1.2449103e-001  9.8522931e-002  8.0609127e-002  6.8404379e-002  5.9850628e-002  5.2316930e-002  4.4827026e-002  3.8207934e-002  1.0000000e-002
  4.0865752e+000  6.3526299e-001  3.5213878e-001  2.2936383e-001  1.4427366e-001  8.0211662e-002  4.3614576e-002  3.4740924e-002  3.9778301e-002  4.6998930e-002  5.6134754e-002  6.6156088e-002  9.9000000e-001
  5.3621895e+000  5.4687812e-001  2.9351444e-001  2.0965362e-001  1.7141913e-001  1.5086083e-001  1.3331838e-001  1.1089054e-001  8.4159564e-002  5.8657050e-002  3.8367963e-002  2.4387896e-002  1.0000000e-002
  4.2808900e+000  7.0065809e-001  4.0413186e-001  2.6287569e-001  1.6294279e-001  9.3930504e-002  6.0495687e-002  5.7256440e-002  6.7294247e-002  7.7008491e-002  8.2277535e-002  7.9967634e-002  9.9000000e-001
  4.6539631e+000  7.2896150e-001  4.0208182e-001  2.3748158e-001  1.3866008e-001  8.8688584e-002  7.4015317e-002  7.8384683e-002  8.2934042e-002  7.4815923e-002  5.5757851e-002  3.5601970e-002  1.0000000e-002
  4.7931650e+000  5.9222549e-001  3.1972071e-001  2.1409746e-001  1.5253921e-001  1.0618295e-001  6.7892039e-002  3.9351079e-002  1.8682079e-002  1.5584573e-003  8.9135221e-003  5.2255021e-003  9.9000000e-001
  5.8866612e+000  5.0365714e-001  2.5302342e-001  1.6809935e-001  1.2442025e-001  9.8859086e-002  8.2902508e-002  7.1006335e-002  3.3950015e-002  5.6481027e-002  5.0229077e-002  4.6624593e-002  1.0000000e-002
  4.5201062e+000  5.3980431e-001  2.8837568e-001  2.0560824e-001  1.6566349e-001  1.3535897e-001  1.0507055e-001  7.9819401e-002  6.1452174e-002  5.3031799e-002  5.5207613e-002  6.0476336e-002  9.9000000e-001
  5.1459992e+000  4.9311187e-001  2.4002753e-001  1.5333057e-001  9.9023172e-002  7.9152218e-002  6.9174040e-002  7.2770523e-002  8.1643292e-002  8.5631532e-002  8.0597050e-002  6.9453970e-002  1.0000000e-002
  3.6460816e+000  6.7428672e-001  3.5254298e-001  2.5229861e-001  1.0108293e-002  9.0516430e-002  6.2189128e-002  6.3163752e-002  2.7956574e-002  2.5684131e-002  1.1531132e-002  2.1062695e-002  9.9000000e-001
  5.4740971e+000  5.2383697e-001  2.8128097e-001  2.0092941e-001  1.5457450e-001  1.1294812e-001  6.9140233e-002  2.7731045e-002  4.4985436e-003  2.3328018e-002  2.5817671e-002  1.1520176e-002  1.0000000e-002
  5.1069596e+000  6.4344374e-001  3.6776407e-001  2.5193649e-001  1.7859199e-001  1.2272579e-001  7.7746423e-002  4.5799779e-002  2.7356313e-002  1.9159143e-002  2.1474046e-002  3.7338490e-002  9.9000000e-001
  5.5284136e+000  4.8016945e-001  2.3653386e-001  1.5946347e-001  1.2265940e-001  1.0375229e-001  9.3481889e-002  8.3638229e-002  7.2374755e-002  6.4616698e-002  6.3007882e-002  6.4039208e-002  1.0000000e-002
  4.4608412e+000  6.9745353e-001  4.1249376e-001  2.7056253e-001  1.6746593e-001  9.9784626e-002  6.8754198e-002  6.6440893e-002  7.8904409e-002  9.2204692e-002  9.6656922e-002  8.9521765e-002  9.9000000e-001
  4.7677383e+000  5.6321643e-001  3.0320600e-001  2.0173665e-001  1.4296980e-001  1.1066776e-001  9.8878825e-002  9.8551832e-002  9.7784290e-002  8.7634139e-002  6.7014021e-002  4.1356684e-002  1.0000000e-002
  4.2495577e+000  6.0783256e-001  3.3138585e-001  2.1862805e-001  1.3741691e-001  7.5067752e-002  4.4547697e-002  4.0571227e-002  4.0943285e-002  3.8420230e-002  4.2784372e-002  5.1868165e-002  9.9000000e-001
  4.8928832e+000  5.8289227e-001  3.0960022e-001  1.9709196e-001  1.3593162e-001  1.0943772e-001  1.0537267e-001  1.0880229e-001  1.0748135e-001  9.5726015e-002  7.4175319e-002  4.7875731e-002  1.0000000e-002
  4.0458782e+000  8.7579479e-001  5.4978630e-001  3.5079508e-001  1.9778988e-001  1.0279356e-001  6.6401011e-002  6.8460906e-002  8.1847617e-002  8.7549827e-002  8.0431836e-002  6.5305293e-002  9.9000000e-001
  5.3441601e+000  5.3774087e-001  2.8013146e-001  1.8738179e-001  1.3762546e-001  1.0523115e-001  8.1404274e-002  6.5121930e-002  5.5933869e-002  4.9666125e-002  4.2378273e-002  3.4892057e-002  1.0000000e-002
  3.4451382e+000  1.0794627e+000  6.9781590e-001  3.9891740e-001  1.3234289e-001  4.4387128e-002  8.5770232e-002  1.5421570e-002  7.0644095e-002  9.0559846e-002  5.4786789e-002  2.5005445e-002  9.9000000e-001
  4.6327654e+000  5.8175535e-001  3.2348366e-001  2.2938919e-001  1.7658186e-001  1.3595237e-001  1.0101617e-001  7.7075540e-002  6.5052918e-002  5.6984519e-002  4.8177563e-002  4.2524036e-002  1.0000000e-002
  4.7999997e+000  6.5623334e-001  3.9009777e-001  2.9168689e-001  2.2134330e-001  1.4200028e-001  5.9944929e-002  4.2176216e-004  2.3141205e-002  1.4543551e-002  1.8075304e-002  6.3105543e-002  9.9000000e-001
  5.4836462e+000  5.4200901e-001  2.8636813e-001  1.9719585e-001  1.4983313e-001  1.1849815e-001  9.5824991e-002  7.9990422e-002  6.8281234e-002  6.1010945e-002  5.2907784e-002  4.8101319e-002  1.0000000e-002
  5.2038403e+000  5.4107285e-001  2.8098884e-001  1.7716619e-001  1.1226103e-001  7.0468576e-002  4.9567714e-002  4.5050492e-002  4.7089219e-002  4.6237046e-002  4.0122547e-002  3.2464642e-002  9.9000000e-001
  5.4173572e+000  5.4538845e-001  2.8827942e-001  1.9510735e-001  1.4279488e-001  1.0840970e-001  8.5375490e-002  7.0829500e-002  6.2508042e-002  5.8401094e-002  5.6943664e-002  5.6772940e-002  1.0000000e-002
  3.5757567e+000  7.3547364e-001  4.0932241e-001  2.3739876e-001  1.1278555e-001  2.4946176e-002  1.5594284e-002  7.1036281e-003  2.6002190e-002  5.2715854e-002  6.2618528e-002  6.0602175e-002  9.9000000e-001
  5.2640028e+000  5.9103533e-001  3.2364942e-001  2.1432997e-001  1.4644823e-001  1.0196969e-001  7.5065740e-002  6.0323019e-002  1.0363776e-001  7.0426204e-002  6.7191946e-002  6.3174709e-002  1.0000000e-002
  4.9225115e+000  7.4657665e-001  4.3198217e-001  2.6665828e-001  1.5103542e-001  7.8235009e-002  4.7412053e-002  4.9113130e-002  6.3369873e-002  7.1256247e-002  6.7793376e-002  5.8910203e-002  9.9000000e-001
  5.1556744e+000  6.5828764e-001  3.7970094e-001  2.5610907e-001  1.7657340e-001  1.2882800e-001  1.0487422e-001  9.1752557e-002  7.0479785e-002  6.8812531e-002  5.7258371e-002  4.0190973e-002  1.0000000e-002
  3.6554697e+000  7.5241322e-001  4.4842915e-001  2.5595595e-001  9.4557515e-002  6.8325672e-003  2.8424527e-002  1.2296929e-002  6.8135150e-002  9.6916780e-002  8.8444823e-002  6.0395201e-002  9.9000000e-001
  6.1044539e+000  5.0073801e-001  2.5028444e-001  1.7031724e-001  1.3466337e-001  1.1561499e-001  1.0310026e-001  9.2483595e-002  8.0412644e-002  6.5382423e-002  4.9425916e-002  3.6202742e-002  1.0000000e-002
  5.2334512e+000  5.4172200e-001  2.7531216e-001  1.8683836e-001  1.4537550e-001  1.1751532e-001  9.4225863e-002  7.5820209e-002  6.0969193e-002  4.7791800e-002  3.9706678e-002  4.1180128e-002  9.9000000e-001
  5.5431904e+000  6.1223456e-001  3.4195210e-001  2.3990087e-001  1.8290614e-001  1.4231109e-001  1.1391825e-001  9.8813941e-002  8.8569609e-002  7.1549466e-002  4.9225845e-002  3.2855336e-002  1.0000000e-002
  4.9326576e+000  6.4210940e-001  3.6077515e-001  2.3786686e-001  1.5365356e-001  9.0810650e-002  5.0842621e-002  3.3342490e-002  3.0148142e-002  3.2918721e-002  3.8755957e-002  4.5205055e-002  9.9000000e-001
  5.2184874e+000  6.3842759e-001  3.6511549e-001  2.4424231e-001  1.6026066e-001  9.9512489e-002  6.0328818e-002  4.0078284e-002  3.5805710e-002  4.3500935e-002  5.5725540e-002  6.3731763e-002  1.0000000e-002
  3.8190663e+000  7.0770760e-001  3.7115777e-001  2.2911433e-001  1.5534469e-001  9.9843101e-002  5.6766140e-002  3.9284733e-002  3.7838519e-002  3.0666525e-002  2.0596203e-002  2.4948550e-002  9.9000000e-001
  5.6897081e+000  5.8443782e-001  3.1441810e-001  2.0555975e-001  1.4632008e-001  1.1960222e-001  1.1246736e-001  1.1003868e-001  1.0324071e-001  9.0780793e-002  7.1932170e-002  4.8954862e-002  1.0000000e-002
  3.8555168e+000  9.7154450e-001  6.0721912e-001  3.5885266e-001  1.6824634e-001  5.7805114e-002  2.4137243e-002  3.6632105e-002  5.9590303e-002  7.1104211e-002  6.7456841e-002  5.5387280e-002  9.9000000e-001
  6.0654000e+000  5.0147819e-001  2.5103156e-001  1.6914822e-001  1.3367539e-001  1.1994042e-001  1.1634408e-001  1.1411030e-001  1.0710056e-001  9.2900247e-002  7.2861007e-002  5.0838312e-002  1.0000000e-002
  3.9553694e+000  6.4706815e-001  3.3232509e-001  2.0399113e-001  1.3564431e-001  8.2916231e-002  3.9712134e-002  1.7458194e-002  1.2805690e-002  1.2121649e-002  1.5947041e-002  3.2819330e-002  9.9000000e-001
  5.7496674e+000  5.0061847e-001  2.4860426e-001  1.6196003e-001  1.1975129e-001  9.9798068e-002  9.0886378e-002  8.4600584e-002  7.8334937e-002  7.2852601e-002  6.6731744e-002  5.7228113e-002  1.0000000e-002
  5.3321046e+000  6.2985821e-001  3.6165923e-001  2.5295919e-001  1.7413551e-001  1.0198456e-001  4.5481128e-002  1.9230601e-002  2.1376542e-002  3.6220207e-002  5.1352407e-002  6.1741906e-002  9.9000000e-001
  6.1415718e+000  6.1422038e-001  3.3448985e-001  2.1817877e-001  1.5372942e-001  1.2135560e-001  1.0882508e-001  1.0336659e-001  8.9562707e-002  7.8068329e-002  5.2990626e-002  2.8949813e-002  1.0000000e-002
  4.7791192e+000  5.3560509e-001  2.7479134e-001  1.8518816e-001  1.3687463e-001  9.8882612e-002  7.0197686e-002  5.6559626e-002  5.1195211e-002  4.3022866e-002  3.3985320e-002  3.2468248e-002  9.9000000e-001
  5.8032611e+000  5.4147803e-001  2.9050559e-001  2.0150605e-001  1.5210629e-001  1.2192541e-001  1.0178997e-001  8.4542246e-002  6.9760359e-002  6.0855950e-002  5.6644232e-002  5.1998829e-002  1.0000000e-002
  5.3407682e+000  5.3133036e-001  2.8244595e-001  1.9713308e-001  1.5038713e-001  1.2068976e-001  1.0007005e-001  8.1940376e-002  6.4856194e-002  5.2617958e-002  4.6899312e-002  4.4671883e-002  9.9000000e-001
  6.0865089e+000  5.2063340e-001  2.6795860e-001  1.8179570e-001  1.3720373e-001  1.0807488e-001  8.7013359e-002  7.2791382e-002  6.3748062e-002  5.6699638e-002  5.0066393e-002  4.4438777e-002  1.0000000e-002
  4.7867980e+000  7.6078994e-001  4.5325478e-001  2.8776108e-001  1.6404261e-001  7.7367842e-002  3.1423153e-002  2.2661742e-002  3.6435373e-002  5.4622819e-002  6.6448596e-002  6.9475242e-002  9.9000000e-001
  4.6221633e+000  6.5657123e-001  3.8619202e-001  2.6970939e-001  1.8716256e-001  1.2472635e-001  8.0611814e-002  4.9898572e-002  3.0191819e-002  2.3905214e-002  2.9445175e-002  3.7470050e-002  1.0000000e-002
  3.2162527e+000  8.4094373e-001  4.9168294e-001  3.1813183e-001  1.8684468e-001  6.6792257e-002  1.4749297e-002  2.4958885e-002  1.1022472e-002  4.0333246e-002  5.1691391e-002  6.6184981e-002  9.9000000e-001
  5.1733429e+000  5.1151103e-001  2.6466876e-001  1.9382634e-001  1.6933851e-001  1.5725242e-001  1.4325083e-001  1.2238517e-001  9.3963319e-002  6.0712664e-002  2.9403183e-002  7.3195039e-003  1.0000000e-002
  4.4598747e+000  8.0045318e-001  4.7807859e-001  2.9486241e-001  1.6314336e-001  8.5104274e-002  6.0451199e-002  7.1728988e-002  8.7779021e-002  8.4781484e-002  6.3762975e-002  4.0782295e-002  9.9000000e-001
  5.5153362e+000  4.9940900e-001  2.4839726e-001  1.6481654e-001  1.2345501e-001  9.8600366e-002  8.1777620e-002  6.9628311e-002  6.0004978e-002  5.1243608e-002  4.2923606e-002  3.5650431e-002  1.0000000e-002
  4.1383105e+000  5.6602828e-001  2.7910607e-001  1.5368203e-001  8.7877323e-002  6.5834258e-002  7.5213458e-002  9.9255036e-002  1.1799758e-001  1.1750599e-001  9.8377200e-002  7.0964370e-002  9.9000000e-001
  5.2456168e+000  5.6545251e-001  3.0092756e-001  2.0192702e-001  1.5270145e-001  1.3156203e-001  1.2570571e-001  1.2305470e-001  1.1466833e-001  9.7142661e-002  7.2509330e-002  4.6141891e-002  1.0000000e-002
  4.3691656e+000  8.1003799e-001  4.8027569e-001  2.9687791e-001  1.5553286e-001  5.5583153e-002  9.6685179e-003  1.1153691e-002  3.2333440e-002  5.0382534e-002  6.0773464e-002  6.3049883e-002  9.9000000e-001
  5.3799715e+000  6.9508010e-001  3.8606124e-001  2.3645767e-001  1.4624356e-001  1.0056273e-001  8.4291541e-002  7.9592033e-002  7.3992554e-002  6.2879029e-002  4.6385666e-002  2.7344193e-002  1.0000000e-002
  5.1913076e+000  5.7355940e-001  3.1189114e-001  2.1245747e-001  1.5278801e-001  1.1215785e-001  8.5973548e-002  7.0852801e-002  6.2889274e-002  5.9829583e-002  6.0512378e-002  6.2456052e-002  9.9000000e-001
  6.0284850e+000  5.0843966e-001  2.5454906e-001  1.6803922e-001  1.2361678e-001  9.5216861e-002  7.6131603e-002  6.5018860e-002  5.8938402e-002  5.4007248e-002  4.9454836e-002  4.6696113e-002  1.0000000e-002
  4.2280791e+000  5.7417483e-001  2.9811831e-001  1.8758753e-001  1.1955565e-001  7.1007296e-002  4.5448091e-002  4.6189451e-002  5.9509560e-002  6.7709761e-002  6.8038367e-002  6.5740541e-002  9.9000000e-001
  5.6013903e+000  5.7203381e-001  2.9510596e-001  1.8936258e-001  1.3649216e-001  1.1234376e-001  1.0342245e-001  9.7983193e-002  8.7207325e-002  6.8035847e-002  4.3991509e-002  2.1950818e-002  1.0000000e-002
  4.5217140e+000  5.6333902e-001  2.9250649e-001  2.0453811e-001  1.7276172e-001  1.5518315e-001  1.3459586e-001  1.0889528e-001  7.7362350e-002  4.1181914e-002  1.0960421e-002  7.9997041e-004  9.9000000e-001
  3.5344521e+000  8.7898346e-001  5.3678959e-001  3.1871734e-001  1.5384456e-001  5.7352964e-002  2.8789105e-002  4.3640974e-002  6.7421541e-002  7.5455019e-002  6.3772352e-002  4.2762724e-002  1.0000000e-002
  4.6868547e+000  6.7426647e-001  3.8173856e-001  2.4493728e-001  1.4915082e-001  7.6610972e-002  3.0132425e-002  1.3895947e-002  1.9602736e-002  3.1797327e-002  4.2430872e-002  5.1039888e-002  9.9000000e-001
  4.8628399e+000  5.6094859e-001  2.9995900e-001  1.9935269e-001  1.3952556e-001  1.0318340e-001  8.0893817e-002  6.3005051e-002  4.8154360e-002  4.0291597e-002  3.7227701e-002  3.1678348e-002  1.0000000e-002
  4.7217728e+000  6.4188465e-001  3.6798863e-001  2.5724399e-001  1.9089715e-001  1.4238787e-001  1.0606493e-001  8.6072113e-002  8.0223597e-002  7.7069987e-002  7.0086714e-002  6.3359943e-002  9.9000000e-001
  3.6227283e+000  7.9173961e-001  4.7139890e-001  3.0786329e-001  1.9309207e-001  1.1403599e-001  7.0102136e-002  5.7231247e-002  6.0649429e-002  6.2114632e-002  5.5341360e-002  5.3094759e-002  1.0000000e-002
  3.5962316e+000  7.3058311e-001  3.9538724e-001  2.4196180e-001  1.4792123e-001  7.5166720e-002  2.2368748e-002  1.1774715e-003  4.5890818e-003  1.3501737e-002  2.3197035e-002  3.9355158e-002  9.9000000e-001
  4.0974191e+000  6.7614482e-001  3.8065704e-001  2.4216685e-001  1.4998982e-001  8.9626240e-002  5.7917166e-002  4.8013218e-002  4.5793482e-002  3.8216090e-002  2.3485990e-002  8.5772665e-003  1.0000000e-002
  5.1142697e+000  6.4920381e-001  3.6171423e-001  2.4154369e-001  1.7292131e-001  1.2956696e-001  9.9055106e-002  7.6196051e-002  6.0219692e-002  5.2110731e-002  5.2427374e-002  5.9086163e-002  9.9000000e-001
  4.0656497e+000  7.4551649e-001  4.4994396e-001  3.1039966e-001  2.1185925e-001  1.3461513e-001  7.9279701e-002  4.9862993e-002  4.0323493e-002  3.8335608e-002  3.8473654e-002  4.1714544e-002  1.0000000e-002
  3.0835064e+000  7.5688674e-001  4.3221879e-001  2.8220230e-001  1.9138664e-001  1.2160005e-001  6.8356223e-002  4.8889094e-002  6.0518663e-002  7.6412614e-002  8.1978605e-002  8.0622460e-002  9.9000000e-001
  3.9376658e+000  6.6296595e-001  3.8268273e-001  2.5723038e-001  1.7764326e-001  1.2879536e-001  1.0049276e-001  8.1335553e-002  6.4588842e-002  4.8209861e-002  3.0800889e-002  1.2356516e-002  1.0000000e-002
  4.3634141e+000  6.1763809e-001  3.4118975e-001  2.2717651e-001  1.5445764e-001  9.7324115e-002  5.4333630e-002  3.1682925e-002  2.5911661e-002  2.5521174e-002  2.5931138e-002  3.0168197e-002  9.9000000e-001
  4.7230280e+000  5.9081316e-001  3.2612297e-001  2.2438197e-001  1.7006482e-001  1.4261973e-001  1.3103387e-001  1.2443230e-001  1.1348783e-001  9.3634963e-002  6.6461779e-002  3.7716845e-002  1.0000000e-002
  4.8433795e+000  6.0370882e-001  3.3980971e-001  2.3947937e-001  1.7735890e-001  1.3073409e-001  9.7664924e-002  7.7741964e-002  6.5744512e-002  5.7243007e-002  5.2819170e-002  5.2794320e-002  9.9000000e-001
  4.0112803e+000  7.1320960e-001  4.2080432e-001  2.8554777e-001  1.9410049e-001  1.2563546e-001  7.6925801e-002  4.9976893e-002  3.9578708e-002  3.3477194e-002  2.5104474e-002  1.7548263e-002  1.0000000e-002
  4.4017889e+000  7.1826354e-001  4.1183678e-001  2.5016599e-001  1.3321990e-001  5.6198342e-002  2.1905783e-002  2.4572797e-002  5.0844520e-003  6.2896721e-002  5.9320643e-002  5.0702899e-002  9.9000000e-001
  3.7985673e+000  7.4573787e-001  4.5477632e-001  3.1456350e-001  2.1351865e-001  1.3376747e-001  7.3913561e-002  3.8911147e-002  2.7870730e-002  2.9582926e-002  3.3050711e-002  3.5757718e-002  1.0000000e-002
  4.1929295e+000  8.2882648e-001  5.3109784e-001  3.5187448e-001  1.8754068e-001  5.4189080e-002  1.3613249e-002  6.0669801e-003  4.4340642e-002  8.9890424e-002  1.0696264e-001  1.0004900e-001  9.9000000e-001
  4.6721633e+000  5.5655303e-001  2.9747443e-001  2.0476962e-001  1.5260074e-001  1.1532376e-001  8.6317714e-002  6.4814236e-002  5.0151265e-002  4.0751085e-002  3.5476394e-002  3.3365722e-002  1.0000000e-002
  4.6089597e+000  5.3268524e-001  2.6318930e-001  1.6189570e-001  1.0204911e-001  5.8904394e-002  3.4184997e-002  3.0264835e-002  3.6291228e-002  4.0012168e-002  4.2103069e-002  4.5296821e-002  9.9000000e-001
  4.7976350e+000  5.5757878e-001  3.0418185e-001  2.1507713e-001  1.6735654e-001  1.3697231e-001  1.1187001e-001  8.5349953e-002  5.9647248e-002  4.0947740e-002  3.0426300e-002  2.4766315e-002  1.0000000e-002
  5.4212762e+000  5.2863059e-001  2.6891575e-001  1.7832705e-001  1.3706965e-001  1.2078058e-001  1.1250194e-001  9.9473949e-002  8.0937053e-002  6.3392093e-002  4.9270543e-002  3.6809496e-002  9.9000000e-001
  3.9905559e+000  6.7410437e-001  3.9001787e-001  2.6096534e-001  1.7436453e-001  1.1989250e-001  9.2090142e-002  7.7969652e-002  6.7884589e-002  6.0361278e-002  5.3424093e-002  4.1311851e-002  1.0000000e-002
  4.1603914e+000  7.6285689e-001  4.7313130e-001  3.1366239e-001  1.7518097e-001  6.4332945e-002  1.0843426e-003  1.0546701e-002  1.1786583e-002  4.1828382e-002  6.1185280e-002  6.4065836e-002  9.9000000e-001
  4.2613859e+000  6.3113944e-001  3.5224818e-001  2.3537877e-001  1.6045267e-001  1.0594896e-001  6.9032144e-002  4.8328280e-002  3.6816245e-002  2.7395750e-002  1.9703382e-002  1.5924110e-002  1.0000000e-002
  3.1943712e+000  1.0559257e+000  6.7998821e-001  4.4449705e-001  2.3773261e-001  5.9803175e-002  3.5581027e-002  1.6123125e-002  6.1425601e-002  1.0546179e-001  9.3341145e-002  6.8323171e-002  9.9000000e-001
  4.5955157e+000  6.1675041e-001  3.4533004e-001  2.3528796e-001  1.6721070e-001  1.1923220e-001  8.6253966e-002  6.6140240e-002  5.3667551e-002  4.2873397e-002  3.2430598e-002  2.4418619e-002  1.0000000e-002
  5.3984803e+000  5.1213749e-001  2.6146124e-001  1.7855888e-001  1.3731780e-001  1.0912758e-001  8.6769464e-002  7.1585833e-002  6.2618293e-002  5.5080183e-002  4.7324419e-002  4.2144896e-002  9.9000000e-001
  4.3584796e+000  6.2882878e-001  3.4807956e-001  2.3326117e-001  1.6638040e-001  1.2293042e-001  9.4635411e-002  7.7294358e-002  6.4692760e-002  5.5265698e-002  4.2328840e-002  3.5445474e-002  1.0000000e-002
  3.4857207e+000  7.6459834e-001  4.5652612e-001  2.6038665e-001  9.4836982e-002  1.0623415e-002  3.0926160e-002  1.8078046e-002  8.0554207e-002  1.0525397e-001  8.7583668e-002  5.6685185e-002  9.9000000e-001
  4.5111117e+000  7.0853334e-001  4.1584706e-001  2.7655331e-001  1.7718608e-001  1.0479510e-001  5.8085646e-002  3.3613653e-002  2.5917151e-002  2.9070635e-002  3.5939226e-002  3.9067212e-002  1.0000000e-002
  4.8942843e+000  6.6988742e-001  3.9562782e-001  2.6978364e-001  1.7440414e-001  9.8512058e-002  5.0527002e-002  3.5027650e-002  4.2293709e-002  5.5459278e-002  6.4277994e-002  6.5875103e-002  9.9000000e-001
  4.0363957e+000  6.6953500e-001  3.8117356e-001  2.5827400e-001  1.8425980e-001  1.3608495e-001  1.0234022e-001  7.6015894e-002  5.4961746e-002  3.9434054e-002  2.8533066e-002  2.0483662e-002  1.0000000e-002
  3.9758474e+000  5.6970850e-001  2.9025229e-001  1.8713934e-001  1.4326260e-001  1.2216362e-001  1.0779732e-001  9.5492792e-002  7.8531643e-002  5.2020793e-002  2.4510420e-002  1.0107478e-002  9.9000000e-001
  4.0221239e+000  7.0245549e-001  4.3101854e-001  3.0897614e-001  2.1317358e-001  1.3006084e-001  7.0582520e-002  4.4319641e-002  4.4484783e-002  5.3306162e-002  5.7377102e-002  5.2117872e-002  1.0000000e-002
  4.1694416e+000  8.0300297e-001  4.8984420e-001  3.3204806e-001  2.1609590e-001  1.2432663e-001  6.5890437e-002  4.8723857e-002  5.7120020e-002  6.6559540e-002  7.0805962e-002  7.6387589e-002  9.9000000e-001
  4.5729261e+000  6.5911999e-001  3.7718707e-001  2.5118750e-001  1.6747662e-001  1.1041679e-001  7.3975115e-002  5.2562050e-002  4.2542614e-002  4.0331609e-002  4.0059496e-002  3.6839361e-002  1.0000000e-002
  5.8376585e+000  5.0426450e-001  2.5200157e-001  1.6284409e-001  1.1607410e-001  9.1044676e-002  7.6558483e-002  6.4624599e-002  5.5404956e-002  5.1488899e-002  4.9297433e-002  4.3384561e-002  9.9000000e-001
  5.5109807e+000  5.4244363e-001  2.8746395e-001  2.0018326e-001  1.5902131e-001  1.3862614e-001  1.2567905e-001  1.1117476e-001  9.2218292e-002  7.0782793e-002  4.9860647e-002  3.1966724e-002  1.0000000e-002
  3.5773138e+000  6.1379643e-001  3.4348024e-001  2.3527273e-001  1.6206003e-001  9.9581512e-002  5.6551369e-002  4.2507184e-002  4.5214914e-002  4.6326280e-002  4.4543457e-002  4.5831984e-002  9.9000000e-001
  4.6844130e+000  6.5201246e-001  3.8422545e-001  2.7225606e-001  1.8735272e-001  1.1008771e-001  4.8570782e-002  1.5328281e-002  1.1928098e-002  2.7844047e-002  4.9106694e-002  6.4356487e-002  1.0000000e-002
  5.3362164e+000  5.4850343e-001  2.8487675e-001  1.8649207e-001  1.3624830e-001  1.1213196e-001  1.0373493e-001  1.0174355e-001  9.7069528e-002  8.4281235e-002  6.4643627e-002  4.3739787e-002  9.9000000e-001
  4.8855912e+000  5.5809339e-001  3.0042630e-001  2.0689035e-001  1.5535086e-001  1.2266438e-001  1.0185332e-001  8.8934178e-002  7.8778169e-002  6.6946932e-002  5.3032839e-002  3.9460993e-002  1.0000000e-002
  4.1694529e+000  6.0407619e-001  3.1504709e-001  2.0906535e-001  1.6011688e-001  1.2663556e-001  9.3817313e-002  6.3363437e-002  3.7735122e-002  1.7639489e-002  8.1551517e-003  1.3977022e-002  9.9000000e-001
  4.8565283e+000  5.7408018e-001  3.1118882e-001  2.1175656e-001  1.5376723e-001  1.1437794e-001  8.8844949e-002  7.5075869e-002  6.6637649e-002  5.6248872e-002  4.2812853e-002  2.9921015e-002  1.0000000e-002
  4.4898717e+000  7.6055607e-001  4.6213033e-001  3.1723850e-001  2.0769833e-001  1.2117946e-001  6.8560071e-002  5.1639957e-002  5.3488221e-002  5.7917181e-002  6.2861520e-002  6.7599232e-002  9.9000000e-001
  4.5848010e+000  6.1543426e-001  3.3769655e-001  2.2414682e-001  1.6036659e-001  1.2305103e-001  1.0109756e-001  8.6689124e-002  7.3222302e-002  5.7297308e-002  4.0902770e-002  2.8252934e-002  1.0000000e-002
  3.9419529e+000  5.9259000e-001  3.3847800e-001  2.3723133e-001  1.6041654e-001  9.3267889e-002  5.2834926e-002  5.1252083e-002  7.1261689e-002  8.3582469e-002  7.9423266e-002  6.8755196e-002  9.9000000e-001
  4.7486048e+000  6.0783920e-001  3.4220286e-001  2.3543650e-001  1.6706320e-001  1.1544073e-001  7.7597523e-002  5.5405454e-002  4.6762600e-002  4.4695113e-002  4.3434039e-002  4.1048576e-002  1.0000000e-002
  4.4205796e+000  5.6254701e-001  2.9073015e-001  1.8301152e-001  1.1304266e-001  5.9819849e-002  2.6952876e-002  1.5864945e-002  1.6564069e-002  2.0203361e-002  2.7547995e-002  3.8484546e-002  9.9000000e-001
  5.2373567e+000  6.0195009e-001  3.3401688e-001  2.2991162e-001  1.7136027e-001  1.3670380e-001  1.1648757e-001  1.0285120e-001  8.9185219e-002  7.2136408e-002  5.2768035e-002  3.4741489e-002  1.0000000e-002
  5.3120770e+000  5.6002275e-001  2.9884459e-001  2.0725516e-001  1.6208628e-001  1.3513817e-001  1.1320954e-001  9.0677624e-002  6.8593200e-002  5.0870333e-002  3.9715108e-002  3.4691413e-002  9.9000000e-001
  5.3130349e+000  5.8188739e-001  3.2454577e-001  2.3048629e-001  1.7716400e-001  1.4064517e-001  1.1394197e-001  9.4813820e-002  8.0786007e-002  6.8659060e-002  5.3760976e-002  4.6154276e-002  1.0000000e-002
  3.9343563e+000  8.7907910e-001  5.0724130e-001  2.9410278e-001  1.5128117e-001  5.5985466e-002  4.0374179e-003  5.2560701e-004  1.9768767e-002  2.4162620e-002  1.0336374e-001  1.8339671e-002  9.9000000e-001
  5.2952967e+000  5.5648706e-001  2.9731168e-001  2.0074795e-001  1.4493032e-001  1.0803645e-001  8.3255564e-002  6.6789829e-002  5.6921756e-002  5.2873807e-002  5.2422105e-002  5.1870858e-002  1.0000000e-002
  4.7817645e+000  6.2584692e-001  3.7090266e-001  2.7936989e-001  2.2298528e-001  1.7599617e-001  1.3395085e-001  9.6800531e-002  6.4432568e-002  3.9714660e-002  2.7390320e-002  2.7048972e-002  9.9000000e-001
  5.3149296e+000  5.3163092e-001  2.7685838e-001  1.8765832e-001  1.3948491e-001  1.0696741e-001  8.2880974e-002  6.5512022e-002  5.1827849e-002  4.3274140e-002  3.6042398e-002  3.1899627e-002  1.0000000e-002
  4.3183405e+000  6.0521233e-001  3.1793635e-001  1.8271082e-001  9.7538509e-002  5.4401730e-002  4.9903850e-002  7.0412111e-002  5.7546029e-002  1.1799588e-001  9.4763743e-002  6.1543721e-002  9.9000000e-001
  5.5685530e+000  5.2616025e-001  2.7564808e-001  1.9251951e-001  1.5015043e-001  1.2189244e-001  9.9209786e-002  7.9677095e-002  6.3013155e-002  4.9611611e-002  4.0094666e-002  3.4670151e-002  1.0000000e-002
  4.2223735e+000  8.0286621e-001  4.8185330e-001  2.9329841e-001  1.4652209e-001  4.8299492e-002  8.5537860e-003  1.8334335e-002  4.6622576e-002  6.2702244e-002  6.0459596e-002  5.2293878e-002  9.9000000e-001
  5.1992944e+000  5.7923678e-001  3.1329829e-001  2.1194375e-001  1.5760901e-001  1.2889560e-001  1.1606272e-001  1.1015466e-001  1.0266825e-001  8.8672495e-002  6.9115265e-002  4.8774182e-002  1.0000000e-002
  4.9002681e+000  6.0791822e-001  3.3341093e-001  2.3195339e-001  1.8252646e-001  1.5328159e-001  1.3061611e-001  1.1003056e-001  8.8963367e-002  6.6625941e-002  4.7188170e-002  3.5980968e-002  9.9000000e-001
  5.5817647e+000  5.7637962e-001  3.2085680e-001  2.2725394e-001  1.7286321e-001  1.3493044e-001  1.0779910e-001  9.0246237e-002  8.0824546e-002  7.6920523e-002  7.6036944e-002  7.6459236e-002  1.0000000e-002
  5.5843141e+000  8.3299660e-001  5.0373132e-001  3.1507170e-001  1.6960120e-001  6.4248351e-002  5.0329783e-003  8.3824763e-003  1.0589632e-002  4.0019795e-002  6.2085330e-002  6.9613002e-002  9.9000000e-001
  4.7183983e+000  7.1317775e-001  3.9466465e-001  2.3674594e-001  1.3848132e-001  8.9039852e-002  7.5769869e-002  7.7057560e-002  7.4115049e-002  6.0349752e-002  3.8788503e-002  1.4796500e-002  1.0000000e-002
  5.6299575e+000  7.3213241e-001  4.4846137e-001  3.2218257e-001  2.3496243e-001  1.6556084e-001  1.1120251e-001  7.5506953e-002  5.8536536e-002  5.3647920e-002  5.3740915e-002  5.5283380e-002  9.9000000e-001
  5.2186577e+000  5.3635702e-001  2.7878973e-001  1.8532382e-001  1.3222711e-001  9.6344533e-002  7.0598137e-002  5.1721658e-002  3.7941350e-002  2.8202075e-002  2.1346387e-002  1.6015248e-002  1.0000000e-002
  4.7670247e+000  5.3674846e-001  2.8653458e-001  2.0699016e-001  1.6817124e-001  1.4106194e-001  1.2088926e-001  1.0844876e-001  9.7992459e-002  8.2178413e-002  6.3078261e-002  4.8675594e-002  9.9000000e-001
  6.4965818e+000  5.0786408e-001  2.5916007e-001  1.7450619e-001  1.3043319e-001  1.0513130e-001  8.9136953e-002  7.5607215e-002  6.3593823e-002  5.5658414e-002  5.1008695e-002  4.5858607e-002  1.0000000e-002
  4.8435915e+000  7.3877449e-001  4.4415295e-001  3.0812321e-001  2.0070777e-001  1.0033863e-001  2.5306754e-002  2.2089000e-003  1.1050975e-002  3.8246681e-002  6.2666638e-002  8.1018513e-002  9.9000000e-001
  5.2652537e+000  5.6558188e-001  3.0067113e-001  2.0244156e-001  1.4708684e-001  1.0594535e-001  7.3707620e-002  5.4420938e-002  4.6163107e-002  4.0551394e-002  3.4991271e-002  3.3988998e-002  1.0000000e-002
  4.6684918e+000  7.3406991e-001  4.2194525e-001  2.6435187e-001  1.5602353e-001  7.8346873e-002  2.9997408e-002  1.4589643e-002  2.2726672e-002  3.4182631e-002  3.9513852e-002  4.4518900e-002  9.9000000e-001
  4.5454032e+000  6.8726272e-001  4.1228532e-001  3.0460584e-001  2.3182723e-001  1.6263919e-001  9.7920780e-002  5.1580558e-002  3.1734975e-002  3.5354385e-002  5.3836459e-002  7.5955048e-002  1.0000000e-002
  4.4646493e+000  7.5588778e-001  4.6308598e-001  3.2816460e-001  2.2609838e-001  1.3971171e-001  8.0268172e-002  5.5846543e-002  5.3471437e-002  5.6935048e-002  6.3991816e-002  7.4116438e-002  9.9000000e-001
  5.3304827e+000  5.5764238e-001  2.9711602e-001  2.0301178e-001  1.5061793e-001  1.1382571e-001  8.7307037e-002  7.1284986e-002  6.2152439e-002  5.4190259e-002  4.6474859e-002  4.1697279e-002  1.0000000e-002
  3.2521358e+000  1.0893236e+000  6.3884880e-001  3.4662613e-001  1.3926256e-001  4.2429295e-003  4.8118296e-002  1.4945802e-002  5.1908457e-002  8.2446711e-002  6.6133070e-002  4.4997945e-002  9.9000000e-001
  7.0334653e+000  5.1666423e-001  2.6664136e-001  1.8370804e-001  1.4206065e-001  1.1573120e-001  9.6630252e-002  8.2116717e-002  7.0637967e-002  6.0970808e-002  5.3018042e-002  4.7311154e-002  1.0000000e-002
  3.5373408e+000  8.3031279e-001  4.8684895e-001  2.9897834e-001  1.6341594e-001  6.8987601e-002  2.5981134e-002  3.5037135e-002  6.7058371e-002  8.7055857e-002  8.7241088e-002  7.8573566e-002  9.9000000e-001
  5.8167832e+000  5.4446418e-001  2.9022738e-001  2.0190374e-001  1.5435878e-001  1.2140327e-001  9.6281456e-002  7.8707390e-002  6.7534274e-002  5.9679384e-002  5.3793734e-002  5.0616246e-002  1.0000000e-002
  5.5235251e+000  5.3886538e-001  2.8153692e-001  1.8858441e-001  1.4198150e-001  1.2059038e-001  1.1197401e-001  1.0555255e-001  9.7218431e-002  8.7534941e-002  7.5988459e-002  6.1592489e-002  9.9000000e-001
  6.9425024e+000  5.1186950e-001  2.6263718e-001  1.7864054e-001  1.3545805e-001  1.0967645e-001  9.2459265e-002  7.8530828e-002  6.6512892e-002  5.7485159e-002  5.1178740e-002  4.5670602e-002  1.0000000e-002
  4.1195490e+000  6.2200251e-001  3.3981038e-001  2.1734182e-001  1.3286773e-001  7.2307093e-002  4.3794029e-002  4.4998131e-002  5.6934050e-002  6.5078771e-002  6.9938308e-002  7.2073844e-002  9.9000000e-001
  6.0766560e+000  5.2454839e-001  2.6853082e-001  1.7541722e-001  1.2552525e-001  9.8422363e-002  8.4258954e-002  7.6514081e-002  7.2903173e-002  7.1797239e-002  6.9136753e-002  6.0248652e-002  1.0000000e-002
  4.1497091e+000  8.3416865e-001  5.0417218e-001  3.2580705e-001  2.0004162e-001  1.0794454e-001  4.8710270e-002  3.1078235e-002  4.6861825e-002  6.7864847e-002  7.6222681e-002  7.7707647e-002  9.9000000e-001
  5.5824860e+000  7.1093941e-001  4.2075497e-001  2.8434949e-001  1.7962345e-001  8.9438618e-002  2.2907201e-002  6.1799133e-003  1.1148526e-003  2.0957281e-002  4.5565984e-002  6.5726224e-002  1.0000000e-002
  5.1411552e+000  5.1204176e-001  2.5961994e-001  1.7387552e-001  1.2709572e-001  9.3991785e-002  7.5775571e-002  7.6464658e-002  8.5747700e-002  8.7685427e-002  7.9447263e-002  6.8599029e-002  9.9000000e-001
  6.2723466e+000  5.2932168e-001  2.7876949e-001  1.9312121e-001  1.4790573e-001  1.1997415e-001  1.0102124e-001  8.6076230e-002  7.3615664e-002  6.4466210e-002  5.8130269e-002  5.2320334e-002  1.0000000e-002
  3.8921455e+000  8.9391687e-001  5.2078705e-001  3.2382566e-001  2.0570714e-001  1.3632960e-001  9.5923671e-002  7.3604997e-002  6.1730470e-002  5.4110086e-002  4.8093550e-002  4.3186599e-002  9.9000000e-001
  5.5810853e+000  6.4257317e-001  3.7021807e-001  2.5911507e-001  1.8894347e-001  1.3716808e-001  9.9881587e-002  7.7687177e-002  6.7079215e-002  6.1171446e-002  5.6466240e-002  5.3743397e-002  1.0000000e-002
  5.0855531e+000  5.7634953e-001  3.2048443e-001  2.2902790e-001  1.7713266e-001  1.4102699e-001  1.1579997e-001  9.9798323e-002  8.9425552e-002  8.1526372e-002  7.5904189e-002  7.2726818e-002  9.9000000e-001
  6.2396408e+000  5.3686948e-001  2.8328474e-001  1.9392141e-001  1.4072990e-001  9.8950585e-002  6.6434676e-002  4.6798119e-002  3.9969609e-002  4.1682776e-002  4.7826684e-002  5.5220152e-002  1.0000000e-002
  4.9898946e+000  6.0756293e-001  3.4440836e-001  2.4651384e-001  1.8808181e-001  1.4468270e-001  1.1397846e-001  9.6285874e-002  8.5703193e-002  7.5879271e-002  6.7008899e-002  6.1009084e-002  9.9000000e-001
  5.7237450e+000  5.0860182e-001  2.5504349e-001  1.6363739e-001  1.1398697e-001  8.5785630e-002  6.8824870e-002  5.5777574e-002  4.6868766e-002  4.5254467e-002  4.8176602e-002  4.9257696e-002  1.0000000e-002
  5.3863384e+000  5.0892410e-001  2.6325968e-001  1.7888594e-001  1.3308086e-001  1.0766562e-001  9.3255839e-002  7.9725127e-002  6.5840206e-002  5.7423559e-002  5.4276118e-002  4.9296526e-002  9.9000000e-001
  4.2280120e+000  8.0361004e-001  4.8836759e-001  3.1504123e-001  1.8890521e-001  1.0784065e-001  7.6253121e-002  8.4883276e-002  1.0428400e-001  1.0605206e-001  8.7871892e-002  6.5939161e-002  1.0000000e-002
  4.3341714e+000  7.0558624e-001  4.1912110e-001  2.9238166e-001  2.0782979e-001  1.4525966e-001  1.0258682e-001  7.9841241e-002  7.0854606e-002  6.7011151e-002  6.4661267e-002  6.3732078e-002  9.9000000e-001
  6.4835633e+000  5.1512750e-001  2.6737969e-001  1.8957408e-001  1.5557452e-001  1.3727568e-001  1.2263635e-001  1.0589467e-001  8.5960055e-002  6.4874913e-002  4.5724365e-002  3.0937403e-002  1.0000000e-002
  4.3167156e+000  7.1597179e-001  4.0956436e-001  2.6928076e-001  1.8355615e-001  1.2517735e-001  8.7581530e-002  6.8125456e-002  5.6481071e-002  4.6947212e-002  6.4920786e-002  4.2346357e-002  9.9000000e-001
  4.3385273e+000  6.2380789e-001  3.6165228e-001  2.6283812e-001  1.9833922e-001  1.4164290e-001  9.2900299e-002  5.9638528e-002  4.2667525e-002  3.6468276e-002  3.7353351e-002  4.3469579e-002  1.0000000e-002
  4.1248749e+000  7.5533733e-001  4.4356362e-001  2.9789815e-001  2.0306861e-001  1.3360655e-001  8.6763590e-002  6.4936715e-002  5.9330729e-002  5.5855577e-002  5.1146262e-002  4.9936236e-002  9.9000000e-001
  4.6381750e+000  5.7684481e-001  3.2190913e-001  2.4237673e-001  2.0620834e-001  1.7673218e-001  1.4218594e-001  1.0370492e-001  6.4967244e-002  3.0247209e-002  6.8247127e-003  5.6439252e-004  1.0000000e-002
  5.0031693e+000  5.8454479e-001  3.1233686e-001  2.0647217e-001  1.4477126e-001  1.0459407e-001  8.1044308e-002  7.1281419e-002  6.9068477e-002  6.7981342e-002  6.5643079e-002  6.1919479e-002  9.9000000e-001
  5.4629440e+000  6.5275981e-001  3.7345485e-001  2.4974338e-001  1.6547369e-001  1.0288902e-001  6.1060776e-002  4.0740382e-002  3.7094868e-002  4.1529016e-002  4.7949120e-002  5.3533332e-002  1.0000000e-002
  5.5182555e+000  5.4711867e-001  2.8486640e-001  1.7887590e-001  1.0566221e-001  4.7883066e-002  1.0305975e-002  1.4488805e-003  7.6980524e-003  2.5345418e-002  4.1596481e-002  5.1708762e-002  9.9000000e-001
  5.5480060e+000  5.1418459e-001  2.6001077e-001  1.7260205e-001  1.2863158e-001  1.0431256e-001  9.3061227e-002  9.0763944e-002  9.0264274e-002  8.4657145e-002  7.3106387e-002  5.9391014e-002  1.0000000e-002
  3.6962730e+000  7.1630168e-001  4.2038753e-001  2.5822840e-001  1.3418010e-001  5.5069526e-002  3.1310208e-002  5.2898950e-002  8.8382697e-002  1.0900210e-001  1.0910940e-001  9.6870632e-002  9.9000000e-001
  4.7718837e+000  5.9394708e-001  3.3349870e-001  2.3544453e-001  1.7803220e-001  1.3526216e-001  1.0122151e-001  7.8661453e-002  6.7183367e-002  6.0108386e-002  5.2944370e-002  4.7389025e-002  1.0000000e-002
  3.5736372e+000  8.9211337e-001  5.6314403e-001  3.7818206e-001  2.2354654e-001  1.0274770e-001  4.5934946e-002  5.0659194e-002  7.4402239e-002  8.5747906e-002  8.8664790e-002  8.8236915e-002  9.9000000e-001
  5.4257319e+000  5.2239934e-001  2.6414582e-001  1.7389950e-001  1.2920433e-001  1.0456791e-001  9.2514891e-002  8.9481365e-002  8.8554635e-002  8.3281238e-002  7.3337542e-002  6.3174359e-002  1.0000000e-002
  4.3123854e+000  5.5433991e-001  2.7246788e-001  1.5657126e-001  9.1503275e-002  5.2864864e-002  4.1554119e-002  5.9324556e-002  8.5207274e-002  9.2401097e-002  8.0409444e-002  6.7288393e-002  9.9000000e-001
  6.0457065e+000  5.1940048e-001  2.6543164e-001  1.8274439e-001  1.4839811e-001  1.3474888e-001  1.3020869e-001  1.2683784e-001  1.1574229e-001  9.1684164e-002  5.9355843e-002  2.9206167e-002  1.0000000e-002
  5.3255446e+000  5.3218415e-001  2.7136940e-001  1.7713407e-001  1.2314910e-001  8.3207619e-002  5.5899551e-002  4.4399098e-002  4.3158240e-002  4.3452824e-002  4.4489215e-002  4.9218718e-002  9.9000000e-001
  5.7800156e+000  5.9805079e-001  3.2313309e-001  2.0937506e-001  1.4763552e-001  1.2179042e-001  1.1774733e-001  1.1832590e-001  1.1212479e-001  9.6052725e-002  7.1385521e-002  4.2362649e-002  1.0000000e-002
  3.4231497e+000  9.3882770e-001  6.1443134e-001  3.9045662e-001  1.6920614e-001  1.4916032e-002  9.3549728e-002  4.6918139e-002  4.9803990e-002  9.8714643e-002  8.0898287e-002  4.6199184e-002  9.9000000e-001
  5.4291214e+000  5.3946667e-001  2.8295960e-001  1.9192135e-001  1.4387789e-001  1.1557403e-001  1.0013857e-001  9.2935312e-002  8.6960373e-002  7.6136115e-002  6.0537366e-002  4.4822193e-002  1.0000000e-002
  4.5521966e+000  6.3899927e-001  3.4440349e-001  2.2372389e-001  1.4753944e-001  1.0749801e-001  8.0154551e-002  6.6070137e-002  5.2986140e-002  4.9069143e-002  4.3602905e-002  4.9556795e-002  9.9000000e-001
  6.1633910e+000  5.2913403e-001  2.7895740e-001  1.9134131e-001  1.4200882e-001  1.0905040e-001  8.5732526e-002  6.8468629e-002  5.6649028e-002  5.1089652e-002  5.0285004e-002  5.0552806e-002  1.0000000e-002
  5.7465156e+000  5.0162986e-001  2.5539175e-001  1.7952142e-001  1.4470160e-001  1.2124332e-001  9.9961536e-002  7.9555697e-002  6.0503429e-002  4.3710345e-002  3.1342303e-002  2.5117314e-002  9.9000000e-001
  5.1837097e+000  5.3035873e-001  5.3546505e-001  1.7633209e-001  6.5126151e-002  1.2363063e-001  1.5313750e-001  1.3850868e-001  1.3108805e-001  1.2647046e-001  1.0098236e-001  5.9843519e-002  1.0000000e-002
  4.7062808e+000  6.6378380e-001  4.8514640e-001  2.6691046e-001  1.8791064e-001  1.5712473e-001  1.3544932e-001  1.2036666e-001  1.0576560e-001  8.7177639e-002  7.0571512e-002  6.1413366e-002  9.9000000e-001
  5.6814367e+000  5.0238014e-001  2.1838288e-001  1.1399306e-001  6.6498311e-002  4.8132873e-002  4.6224698e-002  5.2763721e-002  6.1343085e-002  6.7573198e-002  1.7284475e-001  3.6113248e-002  1.0000000e-002
  3.1553905e+000  8.8714258e-001  4.6876017e-001  2.4432296e-001  9.2207816e-002  2.2583811e-002  7.2281796e-002  2.1110146e-002  9.0626693e-002  1.6874043e-001  9.6003958e-002  4.8554475e-002  9.9000000e-001
  4.8526187e+000  5.3494345e-001  2.7332799e-001  1.7977751e-001  1.3172917e-001  1.0110332e-001  7.9752791e-002  6.8357178e-002  6.4211288e-002  5.8656553e-002  4.7008046e-002  3.3012637e-002  1.0000000e-002
  4.9461597e+000  6.3383399e-001  3.5780469e-001  2.4392427e-001  1.6764733e-001  1.1069387e-001  7.4899030e-002  5.8474820e-002  5.3025048e-002  5.3935376e-002  6.1898545e-002  7.2867462e-002  9.9000000e-001
  3.7048070e+000  6.5725768e-001  3.9775840e-001  3.0047149e-001  2.2154813e-001  1.3021709e-001  5.2044158e-002  2.0640679e-002  2.7258834e-002  3.8494242e-002  4.4774109e-002  5.5657241e-002  1.0000000e-002
  3.3629147e+000  6.2980662e-001  3.7328912e-001  2.7083065e-001  1.7539005e-001  9.4099233e-002  6.0760266e-002  5.7431147e-002  4.3240559e-002  2.3505844e-002  2.9383571e-002  4.9060751e-002  9.9000000e-001
  5.1955628e+000  5.5250217e-001  2.9474570e-001  2.0121463e-001  1.4706239e-001  1.0695212e-001  7.7150494e-002  5.9632847e-002  5.1723012e-002  4.7235637e-002  4.3721428e-002  4.2071395e-002  1.0000000e-002
  4.5821299e+000  8.5390517e-001  4.8607687e-001  3.0231879e-001  1.8952245e-001  1.0046093e-001  3.9978950e-002  3.0117836e-002  4.6496116e-002  4.3219600e-002  2.3151524e-002  2.2835567e-002  9.9000000e-001
  4.7509662e+000  6.1787253e-001  3.3216642e-001  2.1450554e-001  1.4434251e-001  1.0008858e-001  8.1376813e-002  8.4027229e-002  9.0403544e-002  8.5267720e-002  7.0343679e-002  5.4023935e-002  1.0000000e-002
  4.7598948e+000  5.6129277e-001  2.9795161e-001  2.0113759e-001  1.4176039e-001  9.8376814e-002  7.0733960e-002  5.4664857e-002  4.1017427e-002  2.8651103e-002  2.4207078e-002  2.7884996e-002  9.9000000e-001
  5.1868975e+000  5.6365345e-001  2.9513112e-001  1.9297018e-001  1.4524020e-001  1.3032729e-001  1.2928320e-001  1.2414309e-001  1.0764569e-001  8.2318147e-002  5.2273306e-002  2.1429278e-002  1.0000000e-002
  3.7193434e+000  5.5614287e-001  3.1382769e-001  2.4411662e-001  1.9233004e-001  1.1929248e-001  4.5939016e-002  8.2157833e-003  7.4567279e-003  2.0037634e-002  3.7048865e-002  6.1593468e-002  9.9000000e-001
  4.2433031e+000  7.4841213e-001  4.2051688e-001  2.4456821e-001  1.3274307e-001  7.7390661e-002  6.4684786e-002  7.2746239e-002  8.0919272e-002  7.7650253e-002  6.2585961e-002  4.2164106e-002  1.0000000e-002
  3.6779860e+000  1.0609061e+000  6.6407178e-001  3.7944307e-001  1.5792046e-001  2.8477741e-002  5.4325400e-003  2.5648704e-002  7.2976910e-002  9.8268969e-002  9.2888260e-002  6.9186166e-002  9.9000000e-001
  4.9134483e+000  5.5031642e-001  2.9482780e-001  2.1045250e-001  1.7208658e-001  1.5103188e-001  1.3718192e-001  1.2515362e-001  1.0757169e-001  7.9746262e-002  4.6968315e-002  1.9917270e-002  1.0000000e-002
  4.0069025e+000  5.9412445e-001  2.9979435e-001  1.7625019e-001  1.1469374e-001  8.7471719e-002  8.2687236e-002  9.2103663e-002  9.8582935e-002  8.6693640e-002  6.1236497e-002  3.9010457e-002  9.9000000e-001
  4.9704057e+000  6.3480946e-001  3.4847448e-001  2.3107291e-001  1.6816122e-001  1.3273811e-001  1.1127464e-001  9.4916251e-002  7.5350254e-002  4.8715147e-002  2.0943544e-002  2.1325345e-003  1.0000000e-002
  4.9407508e+000  6.7946444e-001  4.0539121e-001  2.7435226e-001  1.6924443e-001  8.2958981e-002  2.8895902e-002  1.5162155e-002  3.1967197e-002  5.8269810e-002  7.7218432e-002  8.1652788e-002  9.9000000e-001
  5.3399049e+000  5.7914611e-001  3.1943303e-001  2.2629991e-001  1.7596867e-001  1.4281639e-001  1.1959903e-001  1.0489207e-001  9.3913300e-002  8.1988212e-002  6.7971662e-002  5.4236678e-002  1.0000000e-002
  4.2866774e+000  5.2926398e-001  2.8753721e-001  2.1172450e-001  1.6373029e-001  1.1559639e-001  7.4787490e-002  5.5193936e-002  5.3703446e-002  5.6064358e-002  5.6662956e-002  5.8056574e-002  9.9000000e-001
  4.0516383e+000  9.7892759e-001  5.9271192e-001  3.4136137e-001  1.6167912e-001  6.2990011e-002  3.2757780e-002  4.7291355e-002  7.5974580e-002  9.7400650e-002  6.9584052e-002  5.3417209e-002  1.0000000e-002
  4.0448204e+000  9.4460995e-001  5.4230424e-001  2.9865451e-001  1.3788667e-001  4.4172344e-002  4.8957152e-003  6.9306213e-003  2.6962635e-002  4.1636463e-002  4.6161594e-002  4.8267298e-002  9.9000000e-001
  5.0818464e+000  6.3511915e-001  3.7741943e-001  2.8109067e-001  2.0965765e-001  1.3476352e-001  6.3168777e-002  1.3950544e-002  2.6488685e-003  9.6133932e-003  4.0277813e-002  7.5753503e-002  1.0000000e-002
  4.6288566e+000  6.8041410e-001  3.9154498e-001  2.7767843e-001  2.1244175e-001  1.5935078e-001  1.1127923e-001  7.5003215e-002  5.2159800e-002  3.8916601e-002  3.6774772e-002  4.8224119e-002  9.9000000e-001
  5.7816091e+000  5.8224102e-001  3.1645443e-001  2.1337746e-001  1.5096202e-001  1.0589165e-001  7.3816517e-002  5.5246216e-002  4.7569278e-002  4.5242446e-002  4.5072477e-002  4.6620477e-002  1.0000000e-002
  4.0773470e+000  6.2725400e-001  3.3106044e-001  2.0402214e-001  1.2826571e-001  7.1692004e-002  3.0303805e-002  1.5571536e-002  2.3932487e-002  3.3175476e-002  3.1468371e-002  2.7288909e-002  9.9000000e-001
  5.9694302e+000  5.9010550e-001  3.2294583e-001  2.1801101e-001  1.5206601e-001  1.1611635e-001  9.1776305e-002  7.8597974e-002  7.1246512e-002  6.4259996e-002  5.4337367e-002  4.2504605e-002  1.0000000e-002
  3.9406779e+000  1.0387871e+000  6.0004506e-001  3.4979790e-001  1.7287878e-001  6.9086271e-002  2.9040297e-003  8.0195859e-003  4.6674140e-002  7.1963433e-002  7.0669562e-002  6.5240538e-002  9.9000000e-001
  5.6690309e+000  5.2045068e-001  2.7281778e-001  1.9373776e-001  1.5547308e-001  1.3040054e-001  1.0930487e-001  8.9767037e-002  7.2371728e-002  5.8487823e-002  4.8901448e-002  4.3294974e-002  1.0000000e-002
  4.8219387e+000  5.4197917e-001  2.7415240e-001  1.6287905e-001  9.4485450e-002  5.5313817e-002  4.3742423e-002  5.3933669e-002  7.2460978e-002  8.5294994e-002  8.6745651e-002  7.9131340e-002  9.9000000e-001
  6.0803867e+000  5.3271367e-001  2.8255270e-001  1.9843650e-001  1.5476090e-001  1.2566040e-001  1.0359457e-001  8.6685934e-002  7.3539303e-002  6.2476781e-002  5.3213194e-002  4.6628279e-002  1.0000000e-002
  4.1815456e+000  5.8731712e-001  3.1204372e-001  2.0602097e-001  1.4176241e-001  9.4178009e-002  6.4739240e-002  5.4944358e-002  5.3718344e-002  5.0449989e-002  4.7142719e-002  4.7382537e-002  9.9000000e-001
  6.0899849e+000  5.3849240e-001  2.8419541e-001  1.9386066e-001  1.4206770e-001  1.0482395e-001  7.6696673e-002  5.7786311e-002  4.9045287e-002  4.9572569e-002  6.0582031e-003  6.0075775e-002  1.0000000e-002
  4.5303500e+000  6.8076710e-001  4.0576126e-001  2.7467670e-001  1.7368462e-001  9.7350173e-002  5.8019135e-002  5.8323169e-002  7.9526329e-002  9.5645720e-002  9.5803860e-002  8.5442137e-002  9.9000000e-001
  5.8481024e+000  5.0109575e-001  2.5535694e-001  1.8236484e-001  1.5374793e-001  1.3904717e-001  1.2688267e-001  1.1290458e-001  9.4582044e-002  7.1611183e-002  4.8031488e-002  2.9617078e-002  1.0000000e-002
  3.8154582e+000  9.7108344e-001  5.9816763e-001  3.4187812e-001  1.4041385e-001  1.6555208e-002  2.2163493e-002  2.5127920e-003  4.6918837e-002  7.2882907e-002  7.1851420e-002  5.7468308e-002  9.9000000e-001
  5.4992705e+000  5.7206828e-001  3.0759843e-001  2.1143280e-001  1.6352096e-001  1.3779261e-001  1.2360946e-001  1.1407508e-001  1.0165109e-001  8.1561287e-002  5.6873640e-002  3.4873645e-002  1.0000000e-002
  4.5470497e+000  7.2023462e-001  4.1485955e-001  2.6818006e-001  1.6808304e-001  1.0194052e-001  7.1959051e-002  6.9810323e-002  7.4023239e-002  6.9552743e-002  5.8669591e-002  4.7919020e-002  9.9000000e-001
  5.7630703e+000  5.5566570e-001  2.9175309e-001  1.9430879e-001  1.4783097e-001  1.3051711e-001  1.2708726e-001  1.2321958e-001  1.1150828e-001  9.1833785e-002  6.6863474e-002  4.0449986e-002  1.0000000e-002
  4.0317416e+000  6.3766969e-001  3.4129843e-001  2.1027308e-001  1.3648613e-001  9.0483976e-002  6.2124415e-002  5.7148053e-002  7.0896340e-002  7.9964105e-002  7.0267249e-002  5.3015952e-002  9.9000000e-001
  5.5773414e+000  5.3059830e-001  2.8034986e-001  1.9402367e-001  1.4684977e-001  1.1700167e-001  9.7156083e-002  8.1788940e-002  6.8529007e-002  5.8161775e-002  5.0176484e-002  4.1631966e-002  1.0000000e-002
  4.2315011e+000  6.4967473e-001  3.7552599e-001  2.5858361e-001  1.8807620e-001  1.3865792e-001  9.9134113e-002  7.3993313e-002  6.8086171e-002  7.0660209e-002  6.7193105e-002  5.8342606e-002  9.9000000e-001
  5.1075887e+000  5.9446055e-001  3.2052247e-001  2.0695419e-001  1.4213567e-001  1.0817018e-001  9.4343593e-002  8.9134040e-002  8.3402022e-002  7.2797363e-002  5.7305481e-002  3.9681060e-002  1.0000000e-002
  3.8032369e+000  1.0677106e+000  6.5259959e-001  3.7142539e-001  1.6530306e-001  3.4902078e-002  1.6823033e-002  4.0528641e-003  5.6785391e-002  8.6286642e-002  7.7192634e-002  5.8160336e-002  9.9000000e-001
  5.1375478e+000  5.6536537e-001  3.0853977e-001  2.1593217e-001  1.6257456e-001  1.2568594e-001  9.9769206e-002  8.1599753e-002  6.7836920e-002  5.7088728e-002  4.9538503e-002  4.4124608e-002  1.0000000e-002
  3.7143861e+000  6.9251680e-001  3.7473967e-001  2.0215900e-001  8.8902614e-002  3.2051738e-002  2.7635050e-002  5.7946142e-002  9.0473491e-002  9.8683957e-002  8.3128802e-002  6.1280970e-002  9.9000000e-001
  5.9927581e+000  5.0996719e-001  2.6145032e-001  1.7771919e-001  1.3503872e-001  1.1067690e-001  9.4948239e-002  8.1442343e-002  6.9236231e-002  6.0432212e-002  5.4304747e-002  4.7766182e-002  1.0000000e-002
  4.8442618e+000  6.4610284e-001  3.6522550e-001  2.5665256e-001  1.9569294e-001  1.4990295e-001  1.1168557e-001  8.4220571e-002  6.7416651e-002  5.7444040e-002  5.4065006e-002  5.8127252e-002  9.9000000e-001
  5.3770691e+000  5.3057697e-001  2.8067083e-001  2.0192047e-001  1.6800828e-001  1.4961142e-001  1.3592229e-001  1.2192223e-001  1.0275239e-001  7.6127094e-002  4.6807937e-002  2.3006646e-002  1.0000000e-002
  4.8035382e+000  6.8651801e-001  3.8360815e-001  2.3333547e-001  1.3366451e-001  7.2957178e-002  4.4815946e-002  3.9102273e-002  4.3091806e-002  4.6497566e-002  4.5615239e-002  4.1620679e-002  9.9000000e-001
  5.8702959e+000  5.0977501e-001  2.6183430e-001  1.7796991e-001  1.3510041e-001  1.1171115e-001  9.7828321e-002  8.5759170e-002  7.4321395e-002  6.6379501e-002  6.1281123e-002  5.5306087e-002  1.0000000e-002
  3.6817612e+000  9.3737592e-001  5.5824169e-001  3.2740153e-001  1.7199460e-001  8.2725555e-002  4.6017270e-002  5.3956756e-002  8.8756577e-002  1.1331256e-001  1.0239281e-001  6.9769039e-002  9.9000000e-001
