4.33793	-6.62326	-0.37812	-1.91656	11.1016	3.92767	4.61704	-3.30492	-0.0190126	-1.25878	10.0377	3.7504	4.34318	-6.00738	-0.267576	-1.98431	10.6309	3.87755	4.66259	-3.17558	-0.0137388	-0.977566	10	3.65859	4.52991	-5.90294	-0.308836	-2.32945	11.559	3.91691	4.66388	-3.1358	-0.0101627	-0.852086	10	3.64	
4.18132	-7.61292	-0.192281	-1.88852	10.6741	3.90252	4.66928	-3.28481	-0.0142084	-1.48082	10.0208	3.73668	4.32347	-6.74018	-0.26841	-1.81912	11.0219	3.92553	4.71839	-3.21065	-0.0113019	-1.17502	10.0177	3.68581	4.16419	-6.88301	-0.211471	-1.81698	10.8543	3.87103	4.61239	-3.14058	-0.00712176	-0.894601	10	3.64	
4.21318	-6.28016	-0.127269	-1.98848	10.7929	3.8988	4.58541	-3.27763	-0.0188911	-1.35596	10.1857	3.70652	4.56053	-5.10903	-0.254385	-2.00674	11.2246	3.87078	4.70977	-3.16382	-0.014903	-1.00876	10	3.65652	4.51124	-4.88834	-0.209023	-1.98263	11.1842	3.91176	4.71264	-3.15178	-0.0111607	-0.86264	9.98358	3.65857	
4.27577	-6.14186	-0.248124	-2.07417	11.0309	3.92079	4.65363	-3.22862	-0.0146939	-1.01803	10.0055	3.69157	4.49541	-4.83773	-0.204837	-1.95814	10.8686	3.93388	4.62556	-3.17809	-0.0123369	-1.07731	10.0141	3.66452	4.31539	-5.52434	-0.245147	-2.10219	11.1442	3.83161	4.53578	-3.34369	-0.020689	-1.18435	10.0969	3.65874	
4.35113	-6.01426	-0.103632	-2.32279	10.6424	3.93145	4.64768	-3.25257	-0.0194145	-1.03261	9.99619	3.70962	4.47593	-5.60865	-0.13834	-1.90603	11.0619	3.94183	4.69191	-3.16719	-0.0106647	-1.14818	10.0085	3.66076	4.28453	-5.98507	-0.195755	-1.91471	11.0501	3.89121	4.55552	-3.19071	-0.0144981	-1.23799	10.0214	3.65746	
4.10038	-6.04001	-0.0961718	-1.74456	10.5397	3.86756	4.57664	-3.29171	-0.0231575	-1.16111	10.0644	3.6703	4.31121	-4.81742	-0.133735	-2.03448	11.4092	3.90946	4.60854	-3.18825	-0.00954	-1.16034	9.99514	3.67055	4.31923	-6.6698	-0.158783	-2.16316	11.0357	3.88602	4.5811	-3.20438	-0.01777	-1.22236	10.0699	3.64147	
4.02394	-5.92721	-0.176268	-2.06068	10.2726	3.86384	4.55283	-3.25479	-0.0160992	-1.49391	10.0191	3.67924	4.16552	-5.2536	-0.139521	-1.65145	11.1928	3.87985	4.51083	-3.21687	-0.0146673	-1.37593	10.0091	3.6723	4.0415	-6.23939	-0.160362	-1.93916	11.2067	3.84778	4.53152	-3.17136	-0.00788807	-1.07316	9.93628	3.63532	
4.0804	-5.74538	-0.15062	-1.8109	10.4941	3.86155	4.58588	-3.31667	-0.0204963	-1.35608	10.2193	3.72623	4.11979	-5.06355	-0.125704	-1.76562	11.1603	3.85011	4.59134	-3.22621	-0.0131576	-1.15576	10	3.69073	3.94945	-5.42173	-0.143069	-1.9439	11.0673	3.80249	4.46141	-3.28318	-0.0244865	-1.29669	10.103	3.64189	
4.28177	-6.00264	-0.141355	-1.99925	10.6325	3.91396	4.55582	-3.25114	-0.0130548	-1.33703	10.0155	3.69399	4.35191	-4.86774	-0.135282	-1.86303	11.283	3.87697	4.6826	-3.19946	-0.0122328	-1.15936	10.0201	3.6779	4.14946	-5.781	-0.133233	-1.98179	10.9745	3.83305	4.51147	-3.23108	-0.0194924	-1.4768	10.1343	3.65137	
3.81315	-5.93208	-0.0549763	-1.75119	10.5751	3.82293	4.60202	-3.29656	-0.0124899	-1.56294	10.1072	3.7279	4.4351	-5.2651	-0.133068	-2.35639	11.0817	3.93315	4.63706	-3.20011	-0.00970049	-1.42341	10	3.66884	4.07926	-5.4589	-0.0815279	-2.05278	10.8996	3.84589	4.56029	-3.20026	-0.0152488	-1.36298	10.0406	3.65231	
4.4261	-7.15551	-0.2284	-1.90932	10.4073	3.93508	4.64419	-3.25455	-0.0165855	-1.30077	10.0202	3.71273	4.63054	-5.27818	-0.253935	-2.42404	11.4556	3.93781	4.64051	-3.1672	-0.0127083	-0.944365	10	3.65932	4.25644	-5.93944	-0.161854	-1.72543	10.666	3.89036	4.69308	-3.17864	-0.0143974	-1.10816	10	3.66284	
4.46791	-7.38919	-0.191503	-2.12164	10.5327	3.91214	4.61751	-3.19237	-0.00875942	-0.991109	9.99635	3.67473	4.49719	-4.81609	-0.169837	-2.27049	10.9918	3.94281	4.71936	-3.16634	-0.0146525	-0.970422	10	3.65318	4.37925	-6.53606	-0.238425	-2.12604	10.6224	3.92537	4.68046	-3.13609	-0.0120642	-1.15458	10	3.64156	
4.39643	-6.70956	-0.108618	-1.95721	10.4426	3.89807	4.71856	-3.26709	-0.0178531	-1.3199	10.0451	3.72092	4.27466	-5.29238	-0.109443	-1.95947	11.1721	3.89907	4.64939	-3.17696	-0.0103437	-1.02009	10.0142	3.66676	4.49672	-6.77907	-0.263903	-2.01408	11.0936	3.94234	4.70669	-3.17233	-0.0172275	-0.883101	10	3.64192	
4.33715	-6.59446	-0.164507	-1.73313	10.6216	3.92055	4.67728	-3.2287	-0.0243325	-1.49551	10.0112	3.67527	4.49724	-4.71357	-0.175188	-2.18768	10.799	3.92838	4.67389	-3.18359	-0.0134175	-0.975522	10	3.67047	4.36757	-7.09971	-0.202648	-2.39522	11.2097	3.91645	4.69201	-3.14957	-0.0160394	-0.984857	10.0073	3.64596	
4.35048	-6.8739	-0.208569	-1.95898	10.7386	3.92487	4.68652	-3.22835	-0.0207959	-1.18038	10.0361	3.69452	4.60544	-4.46788	-0.13852	-1.91206	10.9619	3.90448	4.70094	-3.16673	-0.0161985	-1.1345	10	3.65265	4.37727	-7.51681	-0.451756	-1.93591	10.6991	3.94758	4.63366	-3.15488	-0.0170224	-0.948295	10	3.641	
4.39579	-6.98723	-0.220003	-2.0323	10.7202	3.90275	4.61134	-3.25238	-0.0161853	-1.31217	10.0476	3.71162	4.69274	-4.56029	-0.122007	-2.14819	10.4817	3.93133	4.75359	-3.18451	-0.0151277	-0.956664	10	3.6714	4.45873	-7.23613	-0.227783	-2.07218	10.7345	3.93608	4.63602	-3.14566	-0.0114298	-0.86477	10	3.64278	
4.33677	-6.95513	-0.167721	-1.97084	10.6104	3.91908	4.67271	-3.25216	-0.0154563	-1.25105	10.0251	3.70777	4.4939	-4.66701	-0.122227	-2.27443	10.563	3.9264	4.66484	-3.18153	-0.0198898	-1.21708	10	3.66058	4.29864	-7.38604	-0.197816	-1.99576	10.8365	3.89511	4.65153	-3.16065	-0.0145683	-0.913944	10.0134	3.64842	
4.38242	-7.33956	-0.268162	-2.04228	10.8634	3.92031	4.67691	-3.22195	-0.0168363	-1.14365	10.0228	3.68839	4.49852	-4.52451	-0.183754	-1.91761	10.948	3.89728	4.68717	-3.15709	-0.0143497	-1.09438	10.0252	3.64427	4.35059	-7.39718	-0.257134	-2.13494	10.4512	3.91619	4.64382	-3.1469	-0.0126036	-0.968205	10	3.64266	
4.52292	-6.85565	-0.169665	-1.92316	10.6217	3.94278	4.60705	-3.23497	-0.0156353	-1.23305	10.0286	3.68696	4.5648	-4.57403	-0.118166	-1.82399	10.6902	3.91384	4.65773	-3.16765	-0.0158664	-1.00436	10	3.65485	4.3703	-7.2357	-0.301087	-1.90721	10.493	3.9211	4.66059	-3.1421	-0.011229	-0.880053	10	3.63784	
4.46906	-7.08364	-0.222115	-2.22723	11.0745	3.93992	4.57581	-3.22363	-0.0135118	-1.08083	10.048	3.68508	4.44601	-4.53012	-0.138673	-2.05208	10.829	3.9109	4.66705	-3.15489	-0.01129	-1.28826	9.9976	3.64517	4.33623	-7.09931	-0.243086	-2.00825	10.9717	3.92315	4.67519	-3.15151	-0.0131793	-0.805297	10.0296	3.64587	
4.22167	-6.7628	-0.196238	-1.87713	10.7492	3.899	4.66398	-3.23236	-0.0109664	-1.33908	9.99724	3.70736	4.47322	-4.6645	-0.201804	-1.87836	11.154	3.91876	4.65916	-3.16406	-0.0138923	-1.22008	10	3.65133	4.4152	-7.59743	-0.551354	-1.91008	11.1736	3.90962	4.7144	-3.11951	-0.00598755	-0.83911	9.95277	3.6427	
4.32088	-6.69948	-0.166831	-2.1636	10.7875	3.89143	4.64887	-3.25548	-0.0185955	-1.29302	10.0055	3.71285	4.62412	-4.52149	-0.149134	-2.09418	10.6568	3.89986	4.7064	-3.16487	-0.0149106	-1.13735	10.0071	3.65172	4.18663	-7.03282	-0.257629	-1.9006	11.0309	3.89273	4.58605	-3.17443	-0.015195	-0.957766	10	3.6459	
4.37102	-6.52911	-0.0822462	-1.95665	10.4557	3.93251	4.65593	-3.25721	-0.0178511	-1.36247	10.0261	3.71361	4.40544	-4.70243	-0.129437	-1.75415	10.9346	3.90974	4.59908	-3.17387	-0.0107482	-1.05017	10	3.65779	4.29125	-7.00043	-0.215976	-2.24956	11.2323	3.89555	4.66337	-3.17499	-0.0147174	-0.944916	9.98492	3.65671	
4.38369	-6.65357	-0.146204	-2.16663	10.9739	3.91638	4.69084	-3.27111	-0.0165292	-1.2854	10.0002	3.72045	4.50484	-4.39624	-0.0885647	-2.13013	10.8583	3.92066	4.62929	-3.14282	-0.0132075	-1.0539	10	3.65676	4.30637	-7.51226	-0.182899	-2.03541	11.0735	3.92817	4.68289	-3.15783	-0.0158962	-1.00624	10	3.64189	
4.31113	-6.73753	-0.0599944	-2.0573	10.3196	3.91719	4.6452	-3.2454	-0.0162745	-1.24843	10.0473	3.6951	4.35655	-4.65809	-0.101407	-2.04099	11.1185	3.90886	4.68558	-3.18059	-0.0126112	-1.02615	9.97047	3.66845	4.26236	-7.24219	-0.10684	-1.71523	10.9617	3.88899	4.67861	-3.09949	-0.00694009	-1.06976	10.0003	3.65669	
3.79098	-6.0015	-0.129435	-1.78985	10.3221	3.81424	4.57869	-3.46565	-0.0262996	-1.79094	10.2704	3.70541	4.17045	-5.08089	-0.105921	-1.78612	10.7454	3.83919	4.56387	-3.21319	-0.012989	-1.40502	10.0593	3.66909	3.71045	-5.78534	-0.120459	-1.92971	11.0448	3.74456	4.24487	-3.33141	-0.0325706	-1.6206	10.1936	3.64248	
4.15538	-5.81125	-0.0614697	-1.63668	10.5455	3.88495	4.69182	-3.24944	-0.0215036	-1.1881	10.0359	3.71134	4.40313	-5.83325	-0.291241	-1.80535	10.7611	3.87001	4.62089	-3.21163	-0.032399	-1.04346	10	3.65263	4.40604	-5.34548	-0.13018	-1.96157	10.632	3.86574	4.6342	-3.25242	-0.0207031	-0.915498	10.0493	3.64099	
4.54863	-7.5244	-0.234137	-2.00431	10.6966	3.91614	4.70084	-3.15232	-0.0150353	-0.879736	10	3.64585	4.47427	-4.85703	-0.153387	-2.294	11.1367	3.88045	4.68662	-3.1457	-0.0121368	-0.70709	10	3.64806	4.48289	-7.40776	-0.740725	-2.35644	11.6531	3.92853	4.67688	-3.13624	-0.0141402	-0.686791	10	3.64	
4.31472	-7.92596	-0.151048	-2.00711	10.4228	3.88466	4.71409	-3.12766	-0.0122899	-0.756682	10	3.63021	4.40966	-4.36281	-0.132412	-1.80306	10.4544	3.84578	4.68627	-3.13575	-0.0127452	-0.727152	10	3.64	4.24096	-6.52455	-0.206959	-2.1348	11.039	3.88982	4.65053	-3.13167	-0.00987266	-0.698219	10	3.64	
4.40522	-7.24296	-0.250936	-2.0603	11.1105	3.86667	4.686	-3.16028	-0.0152548	-0.798841	10.0252	3.65669	4.39536	-4.30733	-0.141701	-1.95774	11.1123	3.81566	4.65852	-3.13931	-0.00986976	-0.775829	10	3.64345	4.4225	-6.80878	-0.325601	-2.06576	11.4261	3.91858	4.66348	-3.13205	-0.00978955	-0.692357	10	3.64	
4.33292	-7.43161	-0.146614	-1.98628	10.6585	3.8657	4.69636	-3.14649	-0.0140897	-0.783306	10	3.64534	4.45241	-3.86986	-0.0615391	-1.92178	10.3231	3.76557	4.70225	-3.14058	-0.0111948	-0.703296	10	3.64406	4.28975	-6.82868	-0.274261	-2.26238	11.0333	3.90459	4.66537	-3.13127	-0.0099164	-0.670161	10	3.64	
4.24576	-7.67273	-0.153328	-2.06502	10.8027	3.87964	4.64774	-3.14346	-0.00903974	-0.801585	10	3.64544	4.38649	-3.88332	-0.0751575	-1.73354	10.6839	3.77564	4.66265	-3.13887	-0.0128333	-0.737876	10	3.6419	4.09603	-7.10339	-0.13217	-1.94739	10.5175	3.882	4.67911	-3.13041	-0.00990364	-0.67957	10	3.64	
4.37911	-7.35076	-0.18139	-1.79368	10.5253	3.90168	4.67738	-3.15489	-0.0140302	-0.872427	10	3.65031	4.50389	-3.81033	-0.0588077	-1.87959	10.4513	3.8272	4.66961	-3.14493	-0.013212	-0.772905	10	3.64661	4.48514	-7.33058	-0.339069	-2.22327	11.1569	3.92575	4.6878	-3.13111	-0.0102727	-0.670023	10	3.64	
4.15058	-7.63241	-0.189241	-1.91897	10.877	3.86407	4.70463	-3.14435	-0.0114321	-0.854245	10	3.64587	4.59076	-3.57463	-0.0383686	-1.8917	10.1319	3.77375	4.68024	-3.13817	-0.0135516	-0.749467	10	3.64	3.99853	-6.51905	-0.134118	-1.71325	10.3813	3.86647	4.66615	-3.13329	-0.0105307	-0.68268	10	3.64	
4.45031	-6.67334	-0.151211	-1.9743	11.1194	3.92134	4.65817	-3.12162	-0.0117491	-0.59331	9.9913	3.62908	4.57487	-3.8672	-0.0293964	-1.94737	10.0996	3.83041	4.67491	-3.12335	-0.00891827	-0.566535	10	3.63315	4.46921	-6.19752	-0.152983	-2.07258	10.8174	3.95141	4.69618	-3.13092	-0.0122159	-0.661205	10	3.64	
4.20973	-6.39027	-0.061386	-2.05674	10.6121	3.89961	4.61032	-3.19745	-0.0125605	-1.06412	10	3.66983	4.24109	-4.50506	-0.0848001	-1.80168	10.9502	3.86044	4.65587	-3.15721	-0.011095	-1.01029	10	3.64863	4.09486	-7.07015	-0.0408804	-1.60107	10.5203	3.86785	4.68087	-3.13164	-0.00821722	-0.745659	10	3.64	
4.49697	-6.93219	-0.194203	-2.01491	10.6456	3.94523	4.68428	-3.16324	-0.0147756	-0.814279	10	3.65666	4.56854	-4.05242	-0.0744426	-1.83336	10.6101	3.86893	4.69516	-3.1475	-0.0122681	-0.747413	10	3.65121	4.54872	-7.16526	-0.490907	-2.76354	10.8303	3.93484	4.6866	-3.13261	-0.0111587	-0.741939	10	3.64	
4.47645	-6.53464	-0.235712	-2.43162	10.904	3.92931	4.68339	-3.1733	-0.0172478	-1.01752	10	3.66355	4.62321	-3.85445	-0.0791107	-1.57158	10.602	3.85043	4.6755	-3.13837	-0.0128136	-0.803307	10	3.64151	4.38846	-7.09874	-0.360356	-1.8675	10.9455	3.92001	4.63792	-3.13311	-0.010056	-0.740738	10	3.64	
4.43754	-6.8245	-0.210032	-2.01815	10.4854	3.92661	4.68112	-3.22018	-0.0178831	-1.40564	10.0255	3.68984	4.55819	-5.7717	-0.178126	-1.9142	10.4589	3.8345	4.67898	-3.16738	-0.013406	-0.868766	10	3.6597	4.35902	-6.60682	-0.36102	-2.10242	10.9663	3.93983	4.67606	-3.1373	-0.0126393	-0.721158	10	3.64	
4.50415	-6.04713	-0.202457	-2.26855	10.8033	3.89428	4.70496	-3.28242	-0.0157262	-1.28485	10.0562	3.74173	4.50608	-4.56452	-0.173427	-2.28967	10.8764	3.90123	4.70147	-3.15429	-0.0131957	-0.915434	10	3.6569	4.28809	-5.91294	-0.157027	-2.0786	10.6624	3.91202	4.60584	-3.20176	-0.0170457	-0.79442	10.0157	3.64497	
4.55167	-6.76578	-0.304877	-1.84035	10.2556	3.94383	4.71384	-3.3479	-0.0243506	-1.33305	10.0336	3.76083	4.57909	-4.90238	-0.169552	-1.88651	10.6175	3.96379	4.68194	-3.15302	-0.0145136	-0.811229	10	3.64749	4.49635	-7.51475	-0.42167	-2.38024	10.6313	3.92898	4.657	-3.13511	-0.0112357	-0.785696	10	3.64	
4.41611	-5.89771	-0.186753	-2.32105	10.398	3.92211	4.66595	-3.26257	-0.0168017	-1.11087	9.99205	3.72509	4.68559	-4.45411	-0.160233	-2.27944	10.6877	3.88171	4.67098	-3.16357	-0.013099	-0.976876	10	3.65225	4.32408	-7.17415	-0.263984	-2.10412	10.3128	3.93888	4.66429	-3.1388	-0.0118346	-0.692105	10	3.64	
4.62205	-7.11233	-0.202021	-2.2947	10.6762	3.9394	4.66331	-3.25176	-0.0193859	-1.26953	10	3.70931	4.55106	-4.52802	-0.195325	-2.17	11.1122	3.92384	4.68289	-3.165	-0.0123637	-0.904691	10	3.65967	4.36773	-7.62354	-0.27279	-2.06947	10.5673	3.93864	4.6983	-3.13614	-0.0132578	-0.703917	10	3.64	
4.56281	-7.3775	-0.314107	-1.99571	10.4319	3.94107	4.64135	-3.25565	-0.0186981	-1.25816	9.98391	3.7208	4.63472	-3.97064	-0.10039	-1.89947	10.5914	3.9035	4.68911	-3.15116	-0.0135887	-0.764825	10	3.65016	4.42285	-7.86476	-0.312045	-1.84917	10.4013	3.9289	4.7025	-3.13586	-0.0133535	-0.698676	10	3.64	
4.27357	-6.13633	-0.0966708	-1.97272	10.3627	3.92396	4.6153	-3.29006	-0.0170601	-1.34473	10.0346	3.7238	4.54652	-3.90532	-0.0471922	-1.81791	10.7627	3.88116	4.60322	-3.18037	-0.0101029	-1.12175	10	3.65813	4.25037	-6.16152	-0.0665545	-1.70796	10.7103	3.91932	4.71858	-3.13507	-0.013698	-0.7143	10	3.64	
4.56225	-7.18261	-0.245087	-2.06179	10.5345	3.97834	4.68727	-3.23158	-0.017846	-1.20048	9.9957	3.69771	4.71349	-4.04688	-0.0931505	-1.91649	10.5108	3.89785	4.68737	-3.16357	-0.0161419	-0.806733	10	3.65832	4.38906	-7.7167	-0.236982	-2.55121	10.3598	3.92303	4.68051	-3.13427	-0.0111191	-0.670973	10	3.64	
4.37171	-6.08837	-0.136394	-1.87515	10.3869	3.92415	4.6456	-3.27027	-0.0203741	-1.22845	10.0299	3.71399	4.60916	-4.04859	-0.0997599	-1.91483	10.7926	3.89841	4.64059	-3.17931	-0.0131556	-1.01949	10	3.66994	4.31695	-7.44452	-0.181805	-2.22154	10.3804	3.93217	4.69353	-3.14193	-0.0119809	-0.76391	10	3.64523	
4.45949	-7.19146	-0.295982	-2.35737	10.9335	3.92699	4.71429	-3.17973	-0.0160725	-1.00553	10	3.66484	4.63668	-3.803	-0.0684334	-1.93334	10.1628	3.89687	4.68852	-3.16412	-0.0159653	-0.879183	10	3.66	4.41258	-7.55507	-0.395433	-2.35644	10.5104	3.93401	4.67313	-3.13512	-0.0119541	-0.674577	10	3.64	
4.42807	-7.42915	-0.275833	-2.18736	10.4767	3.93393	4.65806	-3.20053	-0.0143266	-1.13959	9.98709	3.68086	4.58418	-3.59681	-0.0426619	-1.4126	10.2794	3.81322	4.67586	-3.14985	-0.0116546	-0.792868	10	3.64733	4.46532	-7.76929	-0.334531	-1.98914	10.638	3.92574	4.66603	-3.13121	-0.00946759	-0.683155	10	3.64	
4.49367	-7.64168	-0.353922	-2.02312	10.6783	3.92147	4.65301	-3.20162	-0.0155404	-1.08746	10	3.67919	4.70406	-3.6261	-0.0384185	-1.80517	10.2476	3.84491	4.68855	-3.15509	-0.0125004	-0.78906	10	3.65294	4.38246	-7.76267	-0.424333	-1.74124	10.5723	3.92745	4.669	-3.13158	-0.0108081	-0.678585	10	3.64	
