4.31217	-9.55588	-0.998939	-2.22033	10.5813	3.88076	4.60128	-3.20562	-0.013128	-1.36172	10.0151	3.64991	3.96836	-6.69102	-0.377035	-1.90278	11.1736	3.81548	4.64196	-3.22582	-0.0129771	-1.11825	10	3.66562	4.33429	-8.67672	-0.667563	-2.16364	11.11	3.88376	4.63747	-3.1529	-0.0100372	-0.907604	10	3.64837	
4.26036	-9.45308	-0.998121	-2.02349	10.6534	3.85126	4.66104	-3.16101	-0.0113762	-1.25377	10.0354	3.64091	4.01293	-6.84704	-0.327935	-1.61901	10.6452	3.79329	4.58811	-3.28669	-0.0166947	-1.48142	10.0017	3.70282	4.39941	-9.09077	-0.708074	-2.20836	10.5587	3.87291	4.67547	-3.14594	-0.00931898	-0.907221	10	3.64373	
4.18759	-9.50969	-1.03938	-1.90072	10.6679	3.84056	4.53944	-3.21255	-0.0127301	-1.3513	10.0396	3.64571	3.9545	-7.02087	-0.318693	-1.91048	10.9496	3.80475	4.60548	-3.28903	-0.0146889	-1.4248	10.0254	3.71101	4.2636	-8.80671	-0.639302	-2.03397	10.6317	3.89555	4.67949	-3.1673	-0.0124515	-0.95601	10	3.65645	
4.17857	-9.17446	-0.810983	-1.84729	10.3233	3.84153	4.62309	-3.21202	-0.016839	-1.0627	10.0466	3.65673	4.10165	-6.64202	-0.537205	-1.98301	11.5617	3.83558	4.6611	-3.23069	-0.0181505	-0.987335	10.0195	3.67769	4.35726	-8.64136	-0.617515	-1.98412	11.1205	3.9286	4.66904	-3.14826	-0.0132924	-0.793112	10	3.6426	
4.16109	-9.12052	-0.82437	-2.01048	10.6359	3.85965	4.64098	-3.1689	-0.0104139	-1.03093	10.0236	3.64619	4.08724	-6.26529	-0.423077	-2.07288	11.4653	3.85275	4.61276	-3.22578	-0.0127371	-1.17639	10.0309	3.66777	4.27058	-8.6454	-0.555174	-1.96628	10.5134	3.89177	4.67025	-3.14393	-0.0123525	-0.898312	10	3.64189	
4.29084	-9.48876	-1.02497	-1.91754	10.623	3.90308	4.59596	-3.24315	-0.0127986	-1.26909	10.0954	3.65793	4.07221	-7.3971	-0.463922	-1.95514	10.7897	3.83473	4.58321	-3.29931	-0.0223992	-1.49766	10.0136	3.69035	4.44518	-9.32685	-0.851132	-1.86089	10.9516	3.91579	4.65611	-3.16655	-0.00906901	-0.987055	10	3.65694	
4.29964	-9.54382	-1.0514	-2.14863	10.453	3.85376	4.50929	-3.33694	-0.0410895	-1.54944	10.2025	3.64935	4.07428	-6.95828	-0.479422	-2.18135	10.8127	3.83294	4.5543	-3.33754	-0.0265939	-1.44095	9.9975	3.70235	4.24431	-8.99991	-0.694854	-2.00693	10.2769	3.88826	4.64822	-3.15531	-0.0102273	-1.16263	10	3.64015	
4.22321	-9.2302	-0.804286	-2.3293	10.7517	3.83193	4.46219	-3.7231	-0.0804767	-1.46621	10.2825	3.67932	4.0383	-6.43378	-0.430689	-1.92619	11.287	3.82063	4.73262	-3.34205	-0.0199	-1.35276	9.97428	3.72225	4.29837	-8.0287	-0.629914	-2.00615	11.0932	3.90821	4.62652	-3.18438	-0.0178942	-0.911513	10	3.65103	
4.12697	-9.09105	-0.782751	-1.88816	10.605	3.8332	4.49407	-3.23859	-0.0208054	-1.2273	10.0289	3.65127	4.11971	-6.56714	-0.453304	-2.12722	11.3369	3.87184	4.6874	-3.27708	-0.0171119	-1.28972	9.98223	3.68734	4.41049	-9.53065	-0.784955	-2.2174	10.9317	3.91586	4.6745	-3.16339	-0.0113549	-1.18429	10	3.64976	
4.32757	-9.71959	-0.959914	-1.97893	10.1561	3.89515	4.43119	-3.34891	-0.0265974	-1.47612	10.2025	3.66174	4.00163	-6.80137	-0.320654	-1.89343	10.5207	3.8112	4.65274	-3.2679	-0.0158757	-1.29326	10.0071	3.68421	4.4464	-9.54031	-0.752271	-2.16194	10.7579	3.88871	4.68421	-3.18708	-0.010907	-0.895363	10	3.66822	
4.06789	-8.9784	-0.771605	-1.89411	10.5611	3.77754	4.17191	-4.92865	-0.222099	-1.55926	10.6032	3.64754	3.97648	-7.43567	-0.31891	-1.75728	10.9386	3.71056	4.68605	-3.24928	-0.0115189	-1.40638	10.0113	3.69259	4.32182	-8.10816	-0.450111	-1.97212	10.6688	3.87831	4.6976	-2.98768	-0.00118221	-0.813653	9.98463	3.63208	
4.18654	-8.96775	-0.765967	-2.04452	10.543	3.80424	3.69336	-6.9016	-0.234242	-1.94406	11.1675	3.65175	3.77879	-7.24888	-0.266393	-2.01838	11.7649	3.65504	4.63796	-3.21577	-0.0139083	-1.14957	10.0175	3.65563	4.25721	-7.46244	-0.47137	-2.0679	10.7578	3.88707	4.64305	-3.15419	-0.00906786	-0.852927	10	3.63686	
4.22359	-9.21616	-0.889897	-2.06215	10.9392	3.83388	4.06424	-5.03838	-0.284726	-1.57223	10.7584	3.67901	3.97751	-7.74461	-0.349317	-1.73279	11.0854	3.7207	4.61883	-3.24806	-0.0158095	-1.42465	9.99491	3.66409	4.28914	-9.18945	-0.506805	-2.08323	10.3431	3.87018	4.65606	-3.15378	-0.00925991	-0.863689	10	3.64289	
4.22597	-9.40362	-0.899167	-1.72784	10.4365	3.83557	3.6267	-5.3217	-0.143729	-1.67857	10.706	3.64458	3.71027	-7.16539	-0.20766	-1.89462	11.804	3.64672	4.66055	-3.29866	-0.0162483	-1.31125	10.0341	3.7086	4.472	-9.74115	-0.730502	-2.35495	10.5194	3.92805	4.66701	-3.15486	-0.0106445	-0.900472	9.9934	3.64432	
4.2242	-9.32521	-0.885405	-2.18641	10.9132	3.83091	3.61589	-5.13514	-0.195767	-1.75597	10.7389	3.65021	3.68752	-6.92779	-0.197801	-2.10376	11.8222	3.64037	4.63789	-3.27236	-0.0158569	-1.54103	10.015	3.69152	4.53621	-9.70952	-0.815245	-2.1351	10.715	3.91143	4.61939	-3.19741	-0.0151906	-0.993724	10.0373	3.65209	
4.1428	-9.06285	-0.878613	-1.89599	10.4021	3.85135	3.84678	-6.99334	-0.376672	-1.89377	11.7169	3.69289	3.83123	-7.97631	-0.389117	-2.07086	11.7746	3.67014	4.61899	-3.31913	-0.021182	-1.35182	10.0776	3.70761	4.44013	-9.95835	-0.907949	-1.96268	10.4358	3.92722	4.66852	-3.15388	-0.00999428	-0.902948	10	3.64651	
4.18704	-9.30395	-0.809664	-2.21565	10.3484	3.83406	3.59083	-6.85104	-0.300956	-1.81339	11.5597	3.66994	3.72714	-7.48674	-0.286737	-1.8202	12.1237	3.63907	4.68216	-3.29489	-0.0157562	-1.34282	10.0805	3.7093	4.29768	-8.89116	-0.773283	-2.18715	10.7983	3.91787	4.65653	-3.15215	-0.0104291	-1.14491	10	3.64624	
4.21002	-9.61893	-0.951529	-1.86368	10.6116	3.88099	4.0749	-3.6832	-0.0701403	-1.53372	10.3709	3.66431	3.69775	-6.32404	-0.146042	-2.08921	11.2767	3.69875	4.63385	-3.19386	-0.0134837	-1.28414	9.98492	3.66691	4.29512	-9.29506	-0.654752	-2.10135	10.698	3.88556	4.64259	-3.14949	-0.0129112	-0.838101	10	3.64036	
4.1946	-9.47513	-0.8628	-1.97738	10.1134	3.83882	3.81028	-4.3172	-0.147272	-1.77899	10.6762	3.6548	3.71313	-7.12102	-0.232238	-1.92001	11.3076	3.65119	4.51325	-3.3052	-0.0288533	-1.733	10.053	3.67378	4.30493	-8.06082	-0.64462	-2.2627	11.1904	3.88341	4.61913	-3.16043	-0.0114602	-0.94363	9.99681	3.64277	
3.93193	-8.10295	-0.545771	-1.56741	10.4051	3.78248	3.98535	-4.06596	-0.0854828	-1.6898	10.2265	3.65144	3.83319	-6.99777	-0.180214	-2.03612	11.4903	3.68291	4.58317	-3.24766	-0.0136565	-1.39368	10.1225	3.69774	4.33227	-6.83309	-0.467648	-2.10729	11.6685	3.9259	4.69421	-3.1506	-0.0126397	-0.890587	10	3.64793	
4.10368	-8.95688	-0.656359	-1.96181	10.1078	3.83531	3.86096	-4.23319	-0.0879458	-2.02509	10.2992	3.64801	3.72975	-6.72292	-0.269057	-2.12881	11.322	3.67459	4.6737	-3.2684	-0.0174418	-1.24763	9.9913	3.70918	4.42985	-7.89176	-0.390808	-2.51797	10.9049	3.90305	4.69984	-3.15339	-0.0124829	-0.975815	10	3.64823	
4.12276	-8.80853	-0.811513	-1.98037	10.7431	3.87556	3.85483	-4.33464	-0.111441	-1.71916	10.4905	3.64424	3.65512	-6.72704	-0.166984	-1.91375	11.3201	3.66238	4.66168	-3.35123	-0.0235768	-1.36955	10.0571	3.74652	4.4165	-7.77378	-0.615932	-2.18721	11.6896	3.92774	4.72614	-3.17414	-0.0128762	-0.847074	10	3.66215	
4.24771	-8.8753	-0.706768	-2.17921	10.7729	3.85962	3.78993	-4.35709	-0.144767	-1.72893	10.3121	3.64718	3.74002	-7.10826	-0.344671	-1.86848	11.3437	3.67347	4.66385	-3.25744	-0.0147541	-1.01736	10.0391	3.69775	4.40014	-8.17932	-0.559455	-2.18041	11.5404	3.92042	4.62571	-3.14732	-0.00953401	-1.08738	10	3.64261	
4.15061	-9.02627	-0.936022	-2.02382	10.9861	3.83346	3.99535	-4.0288	-0.116889	-1.62197	10.2734	3.6489	3.74226	-6.90967	-0.213574	-1.9751	11.199	3.67444	4.65444	-3.27289	-0.0112878	-1.13717	10.0113	3.72772	4.4123	-8.21034	-0.906597	-2.56953	11.8902	3.93154	4.63487	-3.14046	-0.00961217	-1.1245	10	3.63649	
4.23804	-8.83369	-0.807284	-1.84842	10.7837	3.85232	4.36602	-3.60821	-0.0874762	-1.55967	10.4575	3.65143	3.9632	-6.08955	-0.224542	-1.95519	10.9966	3.76345	4.64359	-3.28751	-0.0211817	-1.30053	10.0493	3.71885	4.35527	-7.9134	-0.471829	-2.38209	11.3893	3.94283	4.62819	-3.18902	-0.0160078	-1.12012	10.0597	3.64619	
4.20064	-9.00181	-0.930951	-2.104	10.8375	3.8324	4.4226	-3.40305	-0.0513099	-1.63656	10.1548	3.66083	3.90921	-6.41727	-0.238213	-1.73609	10.6655	3.72325	4.66661	-3.30444	-0.0157328	-1.34736	10.076	3.72421	4.32556	-7.15775	-0.728275	-2.31355	12.2344	3.93934	4.61542	-3.196	-0.00167668	-1.04466	10.0342	3.64802	
4.21596	-9.1291	-0.928189	-1.909	10.7916	3.84734	4.07404	-4.00918	-0.0939511	-1.63434	10.4641	3.64015	3.64872	-6.2659	-0.12436	-1.92403	11.1512	3.65476	4.75099	-3.26517	-0.0185624	-1.27727	9.99491	3.70573	4.44641	-8.43422	-0.404043	-2.14045	11.0098	3.89957	4.64177	-3.09273	-0.00453202	-1.03941	9.96982	3.64123	
4.13717	-8.94156	-0.844264	-2.03087	10.9735	3.86451	4.15427	-3.78257	-0.0679173	-1.87756	10.3124	3.6425	3.71073	-5.9328	-0.0679361	-2.00133	10.6531	3.63993	4.61886	-3.34321	-0.0200337	-1.49788	10	3.73521	4.33774	-8.21333	-0.715239	-2.20784	11.6091	3.90533	4.61959	-3.24192	-0.0153187	-1.40369	10.0273	3.65596	
4.08818	-9.24284	-0.843981	-2.11432	10.5212	3.85235	4.10706	-3.8655	-0.10025	-1.71016	10.5146	3.65032	3.86894	-5.81982	-0.275959	-1.6993	10.9411	3.71249	4.62649	-3.36073	-0.0252596	-1.34088	10.024	3.72747	4.36648	-8.32574	-0.580216	-2.08991	10.6591	3.90793	4.56173	-3.3572	-0.0440026	-1.30901	10.0681	3.64979	
4.14057	-9.18027	-0.828033	-1.8914	10.6448	3.8382	4.38647	-3.43107	-0.0392601	-1.34609	10.3044	3.6415	3.97542	-7.04088	-0.372825	-2.01746	11.0866	3.78208	4.68435	-3.25989	-0.0136717	-1.20902	9.97734	3.69813	4.46716	-8.06782	-0.61801	-2.01638	11.3724	3.91332	4.66671	-3.15003	-0.00650768	-0.997955	10	3.65217	
4.19509	-9.45142	-1.0342	-2.04049	10.9373	3.81614	4.37358	-3.44954	-0.0202897	-1.44729	10.3914	3.65269	3.87409	-5.84866	-0.28664	-1.84154	11.4134	3.72006	4.60036	-3.25614	-0.0236973	-1.07591	10.0291	3.66604	4.3911	-8.49534	-0.738281	-1.9249	11.3103	3.9078	4.56222	-3.34281	-0.030814	-1.09171	10.1198	3.65983	
4.10239	-9.05151	-0.861466	-1.87821	10.7679	3.8219	4.30651	-3.60897	-0.0556435	-1.41572	10.3864	3.6601	3.85411	-6.36022	-0.178975	-1.98326	10.8577	3.71806	4.66198	-3.32886	-0.023274	-1.24104	10.0299	3.72324	4.3715	-8.24754	-0.791086	-2.15269	11.3929	3.91767	4.5579	-3.41064	-0.0410322	-1.23621	10.1503	3.65576	
4.18164	-9.48076	-1.00105	-2.157	10.8091	3.81821	3.88652	-3.67066	-0.0796297	-1.5383	10.7791	3.65371	3.60907	-6.78911	-0.149439	-1.73478	11.5468	3.65502	4.60943	-3.35298	-0.0187129	-1.22737	10.0133	3.72599	4.38367	-8.84871	-0.722389	-1.61808	11.1233	3.9023	4.6111	-3.19751	-0.013317	-0.997892	10.0128	3.65299	
4.11234	-9.31724	-0.87482	-1.85559	10.2342	3.82124	4.07339	-4.01452	-0.122197	-1.65873	10.5166	3.64958	3.79312	-7.31529	-0.258669	-1.77081	11.3362	3.6787	4.58914	-3.36388	-0.0220714	-1.38528	10	3.74346	4.24719	-7.41446	-0.623205	-2.1611	11.1533	3.88242	4.65919	-3.16336	-0.00969505	-1.12476	10.0149	3.64629	
4.2507	-10.0419	-1.18619	-1.91955	10.198	3.8509	4.01554	-3.9334	-0.0991889	-1.52523	10.8362	3.6679	3.73587	-7.16799	-0.260162	-2.08521	11.4796	3.67992	4.61154	-3.31775	-0.0222898	-1.3201	10.0338	3.70022	4.34676	-9.04977	-0.877315	-2.00472	11.4093	3.88892	4.66711	-3.1367	-0.0030909	-1.0784	9.97888	3.66549	
4.11731	-8.50815	-0.969374	-1.7451	10.6305	3.82995	4.03143	-3.89573	-0.0919525	-1.71278	10.2134	3.64399	3.72827	-7.19078	-0.196587	-1.97142	11.8028	3.65625	4.63791	-3.23636	-0.0120377	-1.12584	10.0214	3.68729	4.37243	-7.05395	-0.341226	-2.09571	11.0547	3.91943	4.65543	-3.18957	-0.0159335	-0.921258	10.0244	3.6504	
4.19348	-9.34527	-1.02823	-1.59039	10.7531	3.8361	4.16261	-3.71232	-0.0845058	-1.50279	10.3041	3.64508	3.83343	-7.24145	-0.165179	-1.91308	11.6597	3.68525	4.67747	-3.23158	-0.0124777	-1.38789	9.99126	3.68145	4.29801	-8.07247	-0.468339	-2.03315	10.9269	3.90439	4.65149	-3.14757	-0.010794	-1.00604	10	3.63974	
4.16663	-8.81379	-0.837756	-1.74333	10.6548	3.8082	4.40824	-3.19002	-0.0179275	-1.35281	10.386	3.63521	3.85334	-7.14334	-0.300588	-2.1376	11.5339	3.71062	4.65926	-3.23189	-0.015916	-1.39823	10.0148	3.67984	4.36449	-8.49018	-0.407883	-2.41561	10.6343	3.9295	4.73081	-3.13614	-0.0106256	-0.984423	10	3.65216	
4.10384	-9.14135	-0.82588	-2.09328	10.5178	3.80086	4.15009	-3.91707	-0.10053	-1.63204	10.113	3.65746	3.97519	-7.58079	-0.266162	-1.85017	11.5447	3.7364	4.59993	-3.27892	-0.0174727	-1.18238	10.0353	3.69756	4.48612	-8.57033	-0.459276	-1.89614	10.9909	3.9232	4.72506	-3.17897	-0.0153972	-0.954581	10	3.66782	
4.17024	-9.40424	-0.942715	-2.06943	10.4828	3.8266	4.14649	-3.86247	-0.0690807	-1.49475	10.3357	3.64359	3.729	-6.66769	-0.196019	-1.60302	11.4933	3.68255	4.59224	-3.36366	-0.0229023	-1.43496	10	3.73443	4.5594	-8.86838	-0.551236	-2.07447	10.9259	3.93274	4.69839	-3.16225	-0.0136771	-0.947874	10	3.64859	
4.23722	-9.26589	-0.958264	-2.00456	10.6263	3.81499	4.12963	-4.85811	-0.276812	-1.55193	10.8584	3.6896	3.90984	-7.68149	-0.44855	-1.66443	11.1732	3.72254	4.70316	-3.28817	-0.0176791	-1.30775	9.98814	3.70301	4.43488	-8.70056	-0.381559	-2.17094	10.7125	3.92228	4.69596	-3.19151	-0.012489	-0.98046	10	3.68122	
4.23106	-9.49161	-0.78455	-2.10336	10.3365	3.8357	4.13375	-3.79318	-0.0724698	-1.34031	10.235	3.64945	3.84558	-7.59942	-0.304022	-1.92146	10.6011	3.73877	4.61815	-3.36068	-0.0223884	-1.5807	10.0443	3.74224	4.46499	-8.75385	-0.39032	-1.67435	10.6814	3.93006	4.72602	-3.19287	-0.014703	-0.808426	10	3.67429	
4.1394	-9.11579	-0.762539	-1.83542	10.5367	3.81853	4.50713	-3.23485	-0.0501835	-1.40691	10.3909	3.67223	4.04633	-8.26553	-0.483971	-1.94869	10.851	3.77247	4.66763	-3.31444	-0.0152603	-1.34999	10.0868	3.7196	4.46161	-8.71222	-0.508054	-1.91275	11.353	3.94312	4.64212	-3.18111	-0.0115617	-1.05407	10	3.67053	
4.12172	-8.95819	-0.822232	-2.02273	10.7842	3.7754	3.86996	-4.33108	-0.142258	-1.79478	10.3425	3.6499	3.73601	-7.272	-0.195788	-1.95358	11.6339	3.66389	4.70562	-3.17734	-0.00932814	-1.55751	9.97504	3.69871	4.48707	-9.69207	-0.428905	-2.36644	10.2662	3.92887	4.75116	-3.17859	-0.0108295	-1.03429	9.99681	3.6803	
4.00039	-8.23641	-0.674562	-1.82456	10.4277	3.82406	4.39813	-3.75749	-0.0690224	-1.45179	10.1849	3.65365	4.02057	-7.07825	-0.292478	-1.95188	11.294	3.76056	4.69816	-3.21233	-0.00860578	-1.21278	10.0149	3.68949	4.4307	-6.36366	-0.373994	-2.50708	11.3027	3.90688	4.62384	-3.17168	-0.0180345	-0.970695	10.043	3.63938	
4.07823	-9.28506	-0.824934	-1.94434	10.4441	3.83199	4.4286	-3.42402	-0.0327151	-1.55082	10.0689	3.63815	3.9151	-6.23659	-0.264039	-2.12419	11.0207	3.78127	4.59943	-3.30315	-0.0196811	-1.30676	10.0257	3.70855	4.42498	-9.02896	-0.555699	-2.09276	10.6151	3.91705	4.65305	-3.18129	-0.0108977	-1.02808	10	3.66269	
4.3963	-9.89839	-1.02086	-2.23677	10.3587	3.86988	4.5371	-3.35508	-0.0376242	-1.61112	10.3368	3.67031	3.86808	-7.48053	-0.334998	-1.87951	10.9811	3.74468	4.5937	-3.34101	-0.0293613	-1.48816	10.087	3.69352	4.44912	-9.49401	-0.717122	-1.7927	10.5641	3.92021	4.64934	-3.19449	-0.012088	-1.00933	10	3.67284	
4.09294	-9.58895	-1.09905	-2.15964	10.7398	3.83468	3.87123	-3.91683	-0.104749	-1.79814	10.4831	3.64654	3.70481	-6.94371	-0.173174	-2.2687	11.3026	3.66585	4.63849	-3.33584	-0.021701	-1.5533	10.1108	3.71645	4.43425	-8.98701	-0.514248	-2.27719	10.6238	3.90062	4.67309	-3.17345	-0.0132744	-0.980106	10	3.6548	
4.23248	-9.55146	-0.937123	-2.28766	10.4729	3.82035	4.13421	-3.57516	-0.0695611	-1.34832	10.5214	3.65058	3.86102	-7.22286	-0.277125	-1.72634	11.3656	3.7043	4.60483	-3.34878	-0.0221517	-1.42891	9.96781	3.72658	4.3421	-8.88074	-0.562447	-2.05506	10.3732	3.87531	4.70839	-3.19188	-0.0129698	-0.996862	10	3.67431	
4.20245	-9.3212	-0.812026	-2.00426	10.4324	3.83272	4.17039	-3.39415	-0.0323945	-1.38188	10.2783	3.64069	3.86426	-7.16841	-0.443978	-2.12506	11.2178	3.76166	4.60719	-3.29202	-0.0170711	-1.32574	10.0597	3.69125	4.37813	-8.92899	-0.459893	-2.11369	10.6092	3.86637	4.67018	-3.19741	-0.0116294	-1.0776	10	3.67511	
4.13019	-9.13077	-0.968627	-1.81076	10.2985	3.88854	4.26164	-3.44185	-0.0358567	-1.73066	10.1165	3.6347	3.77501	-6.82491	-0.17602	-1.8022	11.0542	3.73097	4.64854	-3.36145	-0.0225213	-1.29313	10.058	3.7262	4.46165	-8.99438	-0.685773	-1.86216	11.2763	3.92815	4.6879	-3.19876	-0.0157275	-1.16795	10	3.68117	
4.24744	-9.50913	-0.982268	-2.02049	10.5536	3.87481	4.09288	-3.95939	-0.127683	-1.71056	10.1976	3.64706	3.6837	-6.87453	-0.167549	-1.87385	11.6817	3.66999	4.67182	-3.33166	-0.0199005	-1.4417	10.0031	3.72264	4.50914	-9.03026	-0.564521	-2.01602	11.1261	3.89555	4.71967	-3.19401	-0.00921127	-0.966865	10	3.67827	
4.2452	-9.57907	-1.01084	-1.93373	10.4975	3.85866	3.96945	-4.19631	-0.133755	-1.67873	10.4	3.66711	3.74467	-7.06466	-0.261415	-1.78689	11.0827	3.67798	4.65989	-3.3523	-0.0276827	-1.23964	9.98831	3.71206	4.31783	-9.29756	-0.673865	-1.93316	10.3508	3.87598	4.64471	-3.16684	-0.00782132	-1.01198	10	3.64583	
4.21227	-9.60136	-1.07968	-1.99137	10.6017	3.82883	3.97999	-3.60164	-0.0609139	-1.40342	10.346	3.65749	3.72148	-6.98881	-0.149226	-1.66797	11.5952	3.68446	4.60456	-3.30674	-0.0172228	-1.28644	9.97569	3.71873	4.52528	-9.26431	-0.662809	-1.98182	10.868	3.94332	4.67202	-3.18956	-0.0100493	-1.08907	10	3.67642	
4.22273	-9.7668	-1.14232	-1.88961	10.4225	3.81054	4.16401	-3.6074	-0.115187	-1.79987	10.7154	3.64143	3.79793	-7.12182	-0.227851	-1.81857	11.0682	3.69803	4.67349	-3.30354	-0.0185144	-1.36372	10.0454	3.70542	4.47115	-8.93835	-0.668109	-2.343	11.3677	3.91483	4.67402	-3.19101	-0.0114569	-0.941824	10	3.6695	
4.21129	-9.5215	-0.913977	-1.67718	10.5838	3.84366	4.01699	-3.95207	-0.126337	-1.57407	10.5999	3.64502	3.90577	-7.68794	-0.278178	-1.80971	11.2632	3.71757	4.58472	-3.37122	-0.0271908	-1.54164	10.1366	3.72582	4.46308	-9.23277	-0.59546	-2.24294	10.4397	3.93562	4.63157	-3.176	-0.00738559	-0.876002	10	3.66172	
4.11889	-9.22427	-0.852648	-1.93904	10.5299	3.80182	3.94331	-4.37345	-0.194711	-1.85859	10.4934	3.64889	3.75131	-6.99697	-0.270802	-2.12261	11.3335	3.67815	4.70246	-3.34367	-0.0242732	-1.38105	10.0614	3.73107	4.41961	-8.43774	-0.580011	-2.19624	10.9037	3.8893	4.65084	-3.17394	-0.00888516	-1.20181	10	3.66049	
4.27652	-9.67158	-0.931421	-1.76093	10.4178	3.86143	4.07253	-3.72206	-0.123413	-1.48934	10.6869	3.64518	3.79889	-7.34045	-0.267244	-1.89935	11.5412	3.68107	4.61162	-3.31854	-0.0236017	-1.46814	10.0382	3.69908	4.53398	-9.62457	-0.690921	-2.3309	10.277	3.93841	4.66114	-3.17254	-0.00763581	-1.03407	9.98788	3.67865	
4.0751	-8.98916	-0.792114	-2.09353	10.7143	3.77468	3.8854	-5.34627	-0.244225	-1.99528	10.7922	3.69094	3.77705	-6.62651	-0.326678	-2.07405	11.1504	3.65811	4.57458	-3.57759	-0.042671	-1.67344	10.1918	3.78488	4.45938	-6.11069	-0.284834	-2.40923	10.6142	3.8965	4.28421	-3.71653	-0.0610629	-1.27505	10.1826	3.65639	
3.88901	-8.23595	-0.427335	-1.90165	10.5905	3.75337	3.99378	-4.57509	-0.228158	-1.68145	10.5923	3.65509	3.70528	-6.30304	-0.237807	-1.65095	10.5972	3.69561	4.57146	-3.34676	-0.0245484	-1.29469	10.1373	3.71415	4.25867	-7.23226	-0.641415	-2.19422	11.3756	3.90843	4.53937	-3.39649	-0.0638804	-1.21512	10.1265	3.64247	
4.19893	-8.92197	-0.957148	-1.85868	10.9297	3.8247	3.76416	-5.58921	-0.275335	-2.01783	10.7064	3.66105	3.84752	-6.31439	-0.287084	-2.12915	11.0235	3.67258	4.48721	-3.38015	-0.0266512	-1.35195	10.1469	3.69659	3.82898	-6.98221	-0.201571	-2.20968	10.5561	3.77627	4.51336	-3.25278	-0.0257608	-1.46652	10.2798	3.68051	
4.28321	-9.38599	-1.08554	-1.89974	10.6616	3.853	4.02148	-6.97318	-0.398385	-1.87305	10.6422	3.6928	4.03398	-7.80145	-0.382425	-1.96199	10.7341	3.70271	4.61401	-3.38278	-0.0479916	-1.53371	10.0724	3.68505	3.97272	-7.32934	-0.314761	-2.24856	10.3652	3.80789	4.27588	-3.70953	-0.0589719	-1.37386	10.2078	3.6522	
4.14455	-9.46574	-0.922948	-1.89889	10.4535	3.8744	4.12064	-7.39458	-0.51626	-1.79275	10.659	3.71387	4.13458	-7.89741	-0.524994	-1.89031	10.4545	3.71704	4.62496	-3.26476	-0.0193164	-1.0663	10.0069	3.66019	4.09446	-7.76539	-0.433534	-2.00455	10.8186	3.87684	4.57586	-3.18466	-0.0153888	-1.1654	10.0777	3.64119	
4.23215	-9.49087	-1.00023	-2.30941	10.6521	3.85374	4.09252	-4.55434	-0.129903	-1.75325	10.5939	3.6798	3.77195	-6.49762	-0.294968	-1.86862	10.6252	3.69717	4.61943	-3.2063	-0.0153406	-1.25437	10.0094	3.64033	4.05639	-7.77201	-0.345362	-1.86383	10.8671	3.81995	4.6133	-3.13733	-0.00819988	-1.01419	9.97304	3.64	
4.15967	-9.16307	-0.773019	-1.9293	10.1451	3.8319	3.92827	-6.08695	-0.220969	-1.95003	10.384	3.72	3.91056	-7.76412	-0.384595	-1.97818	10.4423	3.75555	4.46979	-3.45694	-0.0564856	-1.33411	10.179	3.67104	4.12696	-8.50166	-0.525476	-2.04844	10.751	3.85202	4.58208	-3.14942	-0.00798473	-1.11994	9.9898	3.64	
4.24084	-9.41633	-0.981254	-2.12124	10.6169	3.80399	3.8374	-6.71343	-0.203324	-2.01527	10.8899	3.68933	3.77346	-7.55735	-0.246528	-1.98124	11.1403	3.7005	4.5493	-3.25949	-0.0170082	-1.34299	10	3.67591	4.13882	-7.5933	-0.33525	-1.74286	11.0143	3.8719	4.60151	-3.17291	-0.0130717	-1.16705	10.0272	3.64283	
4.16873	-9.45645	-0.889215	-1.70361	10.3596	3.82699	4.04369	-5.55107	-0.360486	-1.72393	10.7388	3.68268	3.90904	-7.30774	-0.472724	-1.82235	10.7534	3.70271	4.6514	-3.15599	-0.0116429	-0.876465	9.99051	3.64387	4.36396	-8.41622	-0.621396	-1.93705	11.0086	3.88323	4.68142	-3.14284	-0.0139223	-0.976606	10	3.64	
4.21707	-9.5271	-0.975153	-1.79016	10.342	3.84013	4.25062	-3.58962	-0.0820588	-1.65769	10.3519	3.65926	3.79557	-5.76271	-0.178042	-1.70719	10.7132	3.6802	4.56431	-3.19841	-0.0131258	-1.03351	10.0155	3.66318	4.132	-8.21801	-0.50222	-2.08381	10.8357	3.89386	4.65867	-3.14423	-0.0126979	-1.05764	10	3.64	
4.3647	-9.78252	-0.94013	-2.00271	10.898	3.86976	4.73608	-2.85541	0.0301945	-1.33009	10.0037	3.66766	3.75544	-5.38509	-0.219899	-1.73837	10.5961	3.67299	4.64176	-3.14802	-0.011671	-1.10921	10	3.63552	4.01697	-8.38543	-0.42709	-1.95809	10.6242	3.81632	4.68909	-3.12365	-0.00645633	-0.981833	9.99389	3.63793	
4.25921	-9.43816	-0.969205	-2.15863	10.6639	3.88693	4.05004	-4.34917	-0.164101	-1.69168	10.6121	3.67501	4.05158	-4.61732	-0.164886	-1.79894	10.6296	3.66515	4.63734	-3.17478	-0.0155103	-1.34231	10.0182	3.64193	4.139	-8.29159	-0.553676	-2.04542	10.9781	3.81287	4.68417	-3.14116	-0.00708481	-0.97463	10	3.64365	
4.20903	-9.24068	-0.889369	-2.09871	10.7016	3.84805	4.40509	-3.62719	-0.0570212	-1.46165	10.2128	3.65286	3.85439	-4.66428	-0.130199	-1.59591	10.3803	3.65689	4.59952	-3.24018	-0.0119385	-1.05365	10	3.68519	4.23744	-7.98928	-0.584056	-1.97023	10.7156	3.84789	4.58791	-3.19611	-0.015042	-0.99266	10.0441	3.64	
4.29169	-9.50644	-0.943509	-2.14999	10.509	3.84802	4.09749	-5.37886	-0.299782	-1.56528	10.9024	3.67692	3.89381	-6.28009	-0.293479	-1.69358	10.9291	3.68013	4.66091	-3.24043	-0.0186188	-1.26852	10.0448	3.66985	4.338	-8.81109	-0.516269	-2.09206	10.6376	3.87633	4.6301	-3.18201	-0.0101943	-1.10461	10.0001	3.65916	
4.29681	-9.45488	-1.08636	-1.6975	10.8789	3.89208	4.27839	-4.3842	-0.1261	-1.62631	10.6558	3.64664	3.92875	-6.29386	-0.379268	-1.9178	10.9293	3.67651	4.66879	-3.23277	-0.00966576	-1.18106	9.97493	3.68886	4.14627	-8.12245	-0.319534	-1.7525	10.7126	3.84648	4.57507	-3.19433	-0.0105255	-1.18491	10.0304	3.6595	
4.13529	-9.21915	-0.98176	-2.01126	10.4707	3.85246	3.93828	-4.88348	-0.263465	-1.64937	10.7554	3.67863	3.74976	-6.38292	-0.262158	-1.94874	10.7267	3.68821	4.59616	-3.2667	-0.0129164	-1.06237	10.0323	3.70654	4.22621	-7.62181	-0.392618	-1.84563	11.0617	3.86553	4.51891	-3.21525	-0.0167896	-1.36777	10.0265	3.64651	
4.15917	-9.18319	-0.78283	-1.84802	10.6159	3.85317	4.0204	-4.71853	-0.11435	-1.57704	10.4463	3.69461	3.83838	-6.46754	-0.310178	-1.68634	10.6747	3.6804	4.68049	-3.21964	-0.0186067	-0.903865	9.98941	3.67727	4.38196	-8.22976	-0.424266	-2.11298	10.9698	3.8943	4.60671	-3.28272	-0.0193089	-0.982584	10.0284	3.65022	
4.08514	-9.06973	-0.8026	-1.9373	10.7421	3.84043	4.16174	-4.77777	-0.219735	-1.66069	10.9764	3.69998	3.99266	-5.591	-0.355251	-1.70905	11.3137	3.66463	4.62786	-3.28039	-0.0200772	-1.34174	10.0149	3.70079	4.17602	-7.96801	-0.393114	-1.86354	10.9317	3.86023	4.57925	-3.20619	-0.0153421	-1.17585	10.0823	3.6373	
4.23838	-9.52981	-0.858743	-2.12366	10.5624	3.83382	3.92099	-4.29265	-0.199927	-1.6279	10.3357	3.66708	3.74103	-6.0139	-0.265168	-1.83488	10.6468	3.65787	4.6384	-3.27104	-0.0175861	-1.35192	10.0075	3.69574	4.27275	-8.5867	-0.349413	-1.58229	10.6681	3.89256	4.5989	-3.22878	-0.0169636	-1.27968	10.0411	3.65562	
4.18798	-9.44998	-0.985137	-2.01249	10.6043	3.84336	3.82029	-6.90822	-0.271509	-1.80636	10.7399	3.68056	3.82189	-7.49616	-0.38804	-1.88431	10.821	3.68948	4.59128	-3.24775	-0.0102464	-1.34741	10.0172	3.69074	4.28903	-8.52054	-0.45078	-1.82616	10.6154	3.86382	4.63796	-3.20143	-0.0175381	-1.15325	10.0175	3.65896	
4.19754	-9.36141	-0.983967	-1.88626	10.7122	3.8316	3.75061	-5.43955	-0.273224	-1.59973	10.496	3.64483	3.84378	-7.20185	-0.344493	-1.72696	10.7502	3.66568	4.62054	-3.39882	-0.0315564	-1.40917	10.1885	3.74335	4.46438	-7.21252	-0.330695	-2.05835	10.7715	3.898	4.56402	-3.61125	-0.0502577	-1.19652	9.96698	3.67115	
4.32345	-9.71775	-1.12207	-1.96751	10.9391	3.87448	3.94343	-3.89431	-0.109067	-1.48235	10.6633	3.64849	3.74112	-6.41723	-0.557329	-1.94382	11.1482	3.68154	4.67123	-3.25768	-0.0163454	-1.29187	10.0115	3.68289	4.42944	-9.27867	-0.777586	-2.04598	10.9649	3.91413	4.55226	-3.1958	-0.0154103	-1.08338	9.98496	3.64996	
4.22217	-9.56244	-0.954321	-1.92156	10.4054	3.87	4.06251	-4.15953	-0.137317	-1.74198	10.7253	3.67072	3.80851	-7.08932	-0.378728	-2.11347	11.3018	3.67631	4.65189	-3.21878	-0.0101462	-1.20678	10	3.67065	4.37357	-8.40116	-0.36327	-2.41268	10.7884	3.90636	4.56012	-3.17377	-0.00991171	-1.25545	9.99215	3.64139	
4.20125	-9.46466	-0.928602	-1.74337	10.4648	3.85423	4.0364	-3.78628	-0.062258	-1.80503	10.3487	3.66418	3.81835	-5.83275	-0.271069	-1.65136	10.8795	3.70916	4.69945	-3.30342	-0.0104326	-1.28563	9.937	3.73666	4.39408	-8.28998	-0.59151	-1.80097	10.7835	3.91762	4.36725	-3.41007	-0.0226556	-1.33889	10.0275	3.65705	
4.13852	-9.5154	-0.954912	-1.96433	10.6102	3.83041	4.66412	-3.14782	-0.00935367	-1.17558	10.0246	3.64	4.1676	-6.20757	-0.553528	-2.1734	11.9177	3.85317	4.64292	-3.149	-0.00849668	-1.06645	10	3.64086	4.30984	-6.20449	-0.543213	-1.86917	11.2536	3.82353	4.70144	-3.13938	-0.00774284	-1.07921	9.98972	3.64239	
4.0855	-9.26836	-0.848554	-1.87757	10.439	3.83946	4.66226	-3.13865	-0.00945705	-0.959842	10.0139	3.63896	4.15363	-5.74801	-0.453367	-2.07509	11.9797	3.87486	4.67496	-3.14005	-0.00969333	-0.764611	10	3.64119	4.31989	-7.09693	-0.688867	-2.23025	11.776	3.92216	4.66189	-3.16224	-0.0136404	-0.87485	10	3.64	
4.10583	-9.1843	-0.782057	-1.95189	10.795	3.81185	4.65303	-3.09661	-0.00363531	-0.823372	9.97481	3.63979	4.13722	-5.25246	-0.434814	-2.22487	11.8939	3.84445	4.69787	-3.12571	-0.00560406	-0.907313	9.98417	3.64194	4.23264	-8.25903	-0.764719	-2.16283	10.9381	3.89376	4.68271	-3.05852	0.0258559	-0.867825	9.93451	3.63513	
4.03272	-9.23788	-0.772926	-1.67559	10.5716	3.83902	4.63122	-3.14562	-0.00843952	-0.970858	10	3.64411	4.31135	-5.01139	-0.375027	-2.34441	11.6546	3.83767	4.65384	-3.14603	-0.00892513	-0.793517	10	3.6472	4.16016	-7.33065	-0.620756	-1.92936	11.3298	3.84936	4.67511	-3.13858	-0.00731066	-0.843447	10	3.64	
4.12301	-9.17501	-0.791864	-1.84465	10.4519	3.81546	4.64986	-3.14184	-0.00772053	-1.06618	10	3.64	4.18438	-5.45972	-0.468684	-2.34954	12.0424	3.82095	4.64076	-3.14452	-0.00811503	-0.866929	10	3.64	4.19473	-7.76621	-0.6112	-1.94169	10.8915	3.85129	4.67893	-3.14195	-0.0112353	-0.906775	10	3.64	
4.10248	-8.99128	-0.65047	-1.81447	10.3596	3.80083	4.70347	-2.7161	0.0861887	-0.868421	9.88077	3.63415	4.20962	-5.10568	-0.325936	-2.15937	11.4542	3.84763	4.71194	-3.13202	-0.00623179	-0.950876	9.97464	3.64241	4.24348	-8.08231	-0.650507	-2.20633	11.0049	3.91401	4.74458	-2.86046	0.0248658	-0.964415	9.89953	3.63838	
4.01728	-8.44224	-0.539706	-1.68916	10.6231	3.81834	4.59586	-3.1815	-0.0157166	-1.08043	10	3.64	3.81015	-6.16446	-0.192497	-1.53816	10.5819	3.76202	4.67565	-3.15108	-0.0122897	-0.899967	10.0021	3.64255	4.23331	-6.90747	-0.348605	-1.959	11.0981	3.9057	4.45324	-3.31444	-0.0334812	-1.52959	10.0489	3.66229	
3.98643	-8.48112	-0.493687	-1.72828	10.4457	3.78092	4.644	-3.16782	-0.00988625	-0.916473	9.99497	3.64	3.95514	-5.89488	-0.369363	-1.94155	11.447	3.81363	4.66356	-3.14157	-0.00816679	-0.742508	10	3.64149	4.16152	-8.09083	-0.606601	-2.0794	11.1084	3.86328	4.57262	-3.23221	-0.0201937	-1.45794	10.1019	3.64761	
3.99709	-8.25854	-0.484748	-2.06006	10.8035	3.76719	4.6432	-3.13983	-0.00823497	-1.0258	10.0255	3.63771	4.02381	-6.47144	-0.249676	-1.92013	11.2175	3.8404	4.68519	-3.15063	-0.0116794	-0.939669	10	3.63809	4.25709	-7.94858	-0.455359	-1.83773	10.9131	3.89052	4.46612	-3.22977	-0.0058017	-1.10919	10.0478	3.64517	
4.02672	-8.60637	-0.660096	-2.01913	10.8406	3.76699	4.69812	-2.91729	0.0146607	-1.16295	9.92672	3.64077	4.00092	-5.81743	-0.236859	-1.80375	11.0126	3.8742	4.66153	-3.14129	-0.00810651	-0.929725	9.96995	3.65576	4.31237	-7.69137	-0.412628	-2.19	11.182	3.91345	4.65986	-3.14699	-0.0453273	-1.10048	10.1326	3.65306	
3.96399	-8.50247	-0.632013	-1.85956	10.5793	3.82892	4.07311	-4.11278	-0.142189	-1.72929	10.4387	3.65234	3.7977	-7.31166	-0.369187	-2.16364	10.7984	3.65593	4.6371	-3.16602	-0.00788429	-0.853399	9.98469	3.66659	4.09845	-6.1036	-0.278026	-2.09489	11.3034	3.85371	4.1418	-3.93649	-0.132586	-1.69708	10.4635	3.64868	
4.21866	-10.4274	-1.31057	-1.78398	10.6916	3.80853	4.55651	-3.41936	-0.0807705	-1.59663	10.2057	3.65983	3.91126	-7.34753	-0.174493	-1.89143	10.8616	3.78517	4.68711	-3.16399	-0.00773529	-1.02387	9.96285	3.67416	4.3067	-6.33592	-0.492007	-2.27788	11.4422	3.93718	4.22186	-4.71697	-0.385286	-1.87159	10.8548	3.67258	
3.95305	-7.98643	-0.481683	-1.91448	10.3487	3.77282	4.6593	-3.13924	-0.00613601	-1.20256	9.97487	3.63599	4.03315	-6.02947	-0.179447	-1.9249	10.7403	3.79401	4.43244	-3.43608	-0.0420441	-1.52651	10.1446	3.67052	3.68653	-7.88412	-0.398602	-1.73732	11.0629	3.5872	3.58547	-7.08639	-0.571251	-1.96256	11.4322	3.64099	
4.08176	-8.9316	-0.732706	-1.91021	10.7112	3.77492	4.47547	-3.25215	-0.0204816	-1.46104	10.1375	3.64623	3.92818	-6.93664	-0.420788	-1.89699	11.1538	3.8023	4.6391	-3.20102	-0.0113136	-1.06323	10	3.66681	4.27244	-6.67854	-0.419989	-2.08991	10.5722	3.91271	4.61399	-3.14931	-0.00794347	-0.908949	10	3.64784	
4.14981	-9.08718	-0.734896	-1.94436	10.4279	3.77925	4.62711	-3.18521	-0.00900114	-1.08151	10.0007	3.64159	4.32072	-7.10136	-0.305243	-2.01965	11.0183	3.909	4.68371	-3.1908	-0.00828072	-1.15994	10	3.66948	4.48079	-8.19105	-0.691327	-1.93133	11.3465	3.93919	4.6888	-3.13808	-0.0116337	-0.811275	10	3.63769	
4.1153	-9.38399	-0.958581	-2.04166	10.6541	3.83234	4.70956	-3.13628	-0.00935732	-1.28077	10.0049	3.63856	4.0836	-6.99058	-0.161542	-1.8082	10.7341	3.86204	4.67841	-3.16976	-0.0110195	-0.986219	10	3.65746	4.36356	-8.36465	-0.42207	-2.07632	11.1098	3.93504	4.65818	-3.13711	-0.00926223	-0.814911	10	3.64	
4.19345	-9.5275	-0.942713	-1.90199	10.7064	3.85283	4.47754	-3.19785	-0.0141452	-1.25067	10.1064	3.63884	4.11628	-6.96667	-0.166269	-2.17482	10.7285	3.87817	4.61766	-3.19611	-0.00993418	-0.916599	10	3.6678	4.40058	-7.67482	-0.664806	-2.11112	11.1384	3.93087	4.68154	-3.14169	-0.00904467	-0.861895	10	3.6398	
4.13821	-8.89469	-0.713599	-1.70723	10.556	3.8187	4.66679	-3.18325	-0.0131884	-1.25009	10.0101	3.65255	4.10606	-6.61364	-0.303808	-1.73482	10.6958	3.84846	4.65467	-3.16797	-0.00788488	-1.02044	10	3.66314	4.39984	-7.62763	-0.352476	-2.20725	11.0425	3.91536	4.69632	-3.14025	-0.0126907	-0.87932	10	3.63895	
4.10877	-9.3168	-0.863363	-1.99583	10.5613	3.82156	4.68296	-3.10454	-0.0045765	-1.14944	9.97195	3.64272	3.96003	-6.20956	-0.444101	-1.92716	10.9487	3.84203	4.67158	-3.14811	-0.0121977	-0.818786	10	3.64289	4.43063	-8.53406	-0.462638	-2.13349	10.8193	3.9295	4.67509	-3.13549	-0.00908668	-0.722169	10	3.64	
4.1279	-9.58587	-1.01697	-2.20595	10.1902	3.82648	4.52648	-3.27333	-0.023024	-1.4032	10.0091	3.63904	3.98869	-6.34256	-0.303948	-1.86219	11.2782	3.81203	4.64566	-3.18798	-0.0108709	-1.05061	10.0226	3.65534	4.51747	-9.26974	-0.744043	-2.19131	11.1361	3.91358	4.68676	-3.13852	-0.0100789	-0.757771	10	3.64	
3.94425	-8.58197	-0.622118	-2.18695	10.5301	3.77616	4.60627	-3.25523	-0.0146044	-1.30434	10.0251	3.64218	4.03655	-5.99582	-0.243223	-2.46039	11.2607	3.78203	4.66117	-3.18874	-0.0111278	-1.21891	10	3.659	4.46619	-8.85174	-0.482053	-2.27815	10.7687	3.93725	4.69095	-3.14456	-0.0111475	-0.921159	10	3.64201	
3.97032	-8.23604	-0.434645	-1.95422	10.5702	3.78015	4.57448	-3.1877	-0.0113565	-1.54508	10.0813	3.65382	3.77569	-5.46056	-0.157244	-1.96306	10.9759	3.70897	4.65001	-3.16482	-0.00997852	-1.17355	10.0223	3.64804	4.40319	-7.94903	-0.452429	-1.84864	11.3834	3.91096	4.65426	-3.13722	-0.00866566	-0.761479	10	3.64064	
3.87978	-8.28021	-0.58649	-1.88116	10.7901	3.78333	4.22625	-3.47895	-0.0510223	-1.59388	10.2952	3.64787	3.77248	-5.83202	-0.170219	-1.8214	10.8297	3.69162	4.62914	-3.18927	-0.00716077	-1.20251	10	3.67191	4.43192	-7.34421	-0.218237	-2.00686	10.8787	3.92789	4.6787	-3.14598	-0.0118909	-1.00172	10	3.64184	
3.93989	-8.28664	-0.476301	-1.6238	10.7715	3.78998	4.46602	-3.26482	-0.0238939	-1.18895	10.0897	3.66236	3.95101	-5.72966	-0.114802	-1.80658	10.8179	3.78134	4.59567	-3.1893	-0.0111506	-1.0485	9.99182	3.66042	4.39235	-7.14932	-0.352311	-2.4869	11.5558	3.91296	4.64967	-3.14309	-0.0100176	-0.969344	10	3.64	
4.15667	-9.14392	-0.829737	-1.94874	10.456	3.84304	4.50821	-3.28339	-0.0197147	-1.30427	10.1402	3.6438	3.8879	-5.98875	-0.130971	-1.75505	10.5259	3.77327	4.62238	-3.18036	-0.00866073	-1.21053	10	3.66377	4.51975	-8.32788	-0.460266	-1.99932	11.1127	3.94212	4.66409	-3.14183	-0.011415	-0.889167	10	3.64	
4.00195	-8.77756	-0.630082	-1.9766	10.4227	3.78274	4.52962	-3.19343	-0.00989767	-1.39208	10.0228	3.65453	3.91787	-5.19708	-0.0845408	-1.84024	10.6892	3.76605	4.63688	-3.19579	-0.0141986	-1.27562	10	3.67113	4.36578	-8.30766	-0.415059	-2.32819	10.9982	3.88347	4.6672	-3.14063	-0.0111121	-0.798059	10	3.64276	
4.21555	-9.60926	-0.914636	-1.97136	10.8297	3.8359	4.66386	-3.14955	-0.00834757	-1.0682	10.002	3.64217	4.0084	-5.72503	-0.455445	-1.91059	12.1378	3.814	4.68719	-3.13959	-0.0107412	-0.816656	10	3.63801	4.53021	-8.5882	-0.878996	-2.22595	11.721	3.94083	4.67316	-3.13528	-0.012007	-0.701121	10	3.64	
4.1339	-9.45508	-0.98198	-1.81508	10.6805	3.83247	4.61567	-3.16684	-0.00919205	-0.997607	10.0566	3.64834	4.20717	-5.60065	-0.351632	-2.12093	11.7451	3.87319	4.66922	-3.15686	-0.00903055	-1.00449	10	3.65071	4.546	-8.14967	-0.589654	-2.55064	11.3179	3.9168	4.70706	-3.13904	-0.0141677	-0.733062	10	3.64	
3.94528	-8.86693	-0.721676	-1.91781	10.7661	3.75889	4.3184	-3.28642	0.00903259	-1.52515	10.1239	3.64388	3.80258	-5.65319	-0.151166	-1.98441	10.9009	3.72006	4.62846	-3.2058	-0.0174189	-1.18092	10.0023	3.66701	4.28943	-7.62401	-0.386534	-2.15491	10.8118	3.91009	4.61419	-3.19674	-0.0158274	-0.687086	10.0327	3.63704	
4.30152	-9.41216	-1.04772	-2.25235	10.6571	3.86178	4.01526	-4.07348	-0.161585	-1.66689	10.7662	3.65344	3.74641	-6.56425	-0.323726	-1.79338	11.3271	3.67006	4.61451	-3.21951	-0.00945818	-1.10045	10.0119	3.69345	4.32425	-6.40156	-0.373426	-2.25766	11.2766	3.88702	4.48597	-3.43512	-0.0546634	-0.970298	10.1664	3.64493	
4.18216	-8.89352	-1.08751	-1.67829	10.75	3.89642	4.68926	-3.18404	-0.0168214	-1.16442	10.1005	3.64824	4.10669	-6.44792	-0.184942	-2.18179	10.9563	3.84195	4.69812	-3.14903	-0.00798869	-0.850454	10	3.64995	4.5856	-5.69563	-0.307836	-2.04122	11.8466	3.96336	4.67728	-3.19348	-0.0173737	-0.733782	10.016	3.64	
4.12459	-9.30694	-0.899234	-1.76595	10.7637	3.82034	4.67257	-3.13946	-0.00755087	-0.869725	10.0039	3.64087	4.18987	-5.8603	-0.625099	-2.16996	12.1711	3.87659	4.62737	-3.14461	-0.00730829	-0.868857	10	3.64705	4.0677	-7.37844	-0.510501	-1.70639	11.0432	3.82308	4.61093	-3.18159	-0.0121582	-0.881876	10.0189	3.64	
4.21308	-9.55123	-0.761955	-2.254	10.3074	3.83113	4.62714	-3.14409	-0.00700775	-0.996958	10.0026	3.64	3.77106	-6.39561	-0.347097	-1.9437	11.0762	3.69643	4.63494	-3.13192	-0.00804535	-0.862321	10	3.63606	3.92958	-7.90787	-0.471336	-2.11834	10.4375	3.78893	4.70476	-3.14649	-0.012186	-0.7192	10.0061	3.64	
4.11925	-8.96492	-0.788051	-1.93527	10.3734	3.85775	4.65256	-3.14567	-0.00680947	-1.18321	9.96601	3.646	3.95181	-6.51761	-0.161648	-1.86507	10.6639	3.82892	4.66723	-3.16034	-0.0106692	-0.859138	10	3.65502	4.14672	-7.29565	-0.385641	-1.66165	10.68	3.80541	4.42402	-3.68702	-0.094198	-1.46529	10.3316	3.64469	
4.12214	-9.49014	-0.886245	-1.75728	10.5341	3.84199	4.68375	-3.11701	-0.00561075	-0.974564	9.96925	3.64	3.67545	-5.29278	-0.21955	-1.90011	10.5201	3.67954	4.70009	-3.11141	-0.00751659	-1.0289	10	3.63415	3.76371	-8.11347	-0.17949	-1.91465	11.1321	3.73171	4.54089	-3.04091	0.0198183	-1.45507	9.94071	3.64	
4.07428	-8.64243	-0.704734	-1.7392	10.333	3.79876	4.55613	-3.2946	-0.0199441	-1.0504	10.0192	3.64	3.98598	-6.17843	-0.145267	-1.92923	11.1546	3.72233	4.64365	-3.20149	-0.0168873	-1.11423	10.0663	3.64331	4.08737	-5.32973	-0.326014	-2.02122	11.1038	3.76621	4.50545	-3.43471	-0.0383456	-1.346	10.0874	3.64	
4.22141	-9.63773	-1.01946	-1.87934	10.5833	3.87101	4.69185	-3.13888	-0.00945075	-0.843434	10	3.64	4.2717	-4.52715	-0.311305	-2.07441	11.7526	3.84393	4.67215	-3.14414	-0.00784643	-0.857975	10.0265	3.64634	4.3834	-7.23759	-0.638081	-1.83859	11.2098	3.93316	4.68189	-3.11529	-0.0065034	-0.84415	9.96699	3.63878	
4.17783	-8.94925	-0.731967	-1.66593	10.4704	3.85075	4.71895	-3.11375	-0.0183925	-0.942474	9.96702	3.64191	4.23758	-6.0044	-0.292861	-1.76253	11.1007	3.90295	4.62063	-3.16944	-0.00667585	-0.810488	10	3.66507	4.36218	-5.88381	-0.378252	-2.19488	11.3583	3.89882	4.64037	-3.17762	-0.0166628	-0.948495	9.97648	3.64716	
4.18469	-8.99988	-0.717219	-2.38755	10.4426	3.83934	4.52391	-3.37906	-0.0210583	-1.38963	10.0861	3.64855	3.89114	-5.84199	0.0118901	-1.82297	10.2705	3.7892	4.63658	-3.18277	-0.00961015	-1.10551	10.0205	3.67114	4.39531	-5.78295	-0.182597	-2.0173	10.7991	3.92281	4.53978	-3.25698	-0.0196302	-1.22497	10.0701	3.6499	
4.05145	-9.10879	-0.770383	-1.86351	10.3423	3.77906	4.69184	-3.1363	-0.00794694	-0.937758	10.0042	3.63705	4.20414	-5.68915	-0.479102	-2.06673	11.9647	3.86157	4.68552	-3.14103	-0.0121139	-0.866225	10	3.64	4.44643	-8.63454	-0.782235	-2.48394	11.0884	3.9295	4.63906	-3.13489	-0.00708971	-0.766709	10	3.64	
4.1243	-9.01581	-0.807811	-1.89391	10.8316	3.7919	4.63349	-3.14266	-0.00701507	-0.974157	9.98019	3.64103	4.27759	-5.89331	-0.515362	-1.9628	11.7506	3.87366	4.70311	-3.14165	-0.00922249	-0.951256	10	3.63951	4.34948	-9.01985	-0.671829	-2.26934	11.0166	3.88684	4.66421	-3.13746	-0.00897983	-0.850272	10	3.64	
3.95324	-8.4232	-0.616688	-1.98046	10.5307	3.76123	4.59128	-3.17753	-0.0127739	-1.23147	10.0338	3.63535	4.20558	-5.82633	-0.353237	-2.02779	11.7272	3.8323	4.68489	-3.14545	-0.0105966	-0.823253	10	3.64285	4.43998	-7.77711	-0.446595	-2.16956	10.7631	3.93062	4.68326	-3.13863	-0.0100507	-0.871484	10	3.64	
4.1797	-9.16659	-0.830504	-2.02026	10.5097	3.83214	4.64307	-3.13888	-0.00755951	-0.889912	10	3.64	4.31152	-5.71455	-0.606282	-2.1092	12.2591	3.86389	4.61427	-3.14233	-0.00505257	-0.881151	10	3.63621	4.44894	-9.44167	-0.929079	-2.06519	11.3028	3.91084	4.68476	-3.13519	-0.0104614	-0.776831	10	3.64	
4.07779	-8.78482	-0.687876	-1.58228	10.5917	3.80555	4.61248	-3.22347	-0.0149368	-1.02088	10.012	3.64	4.21157	-5.72238	-0.313478	-2.12394	11.2631	3.88549	4.68463	-3.14628	-0.00881705	-0.923559	10	3.64322	4.40333	-9.06482	-0.686986	-2.04784	10.8181	3.92853	4.58589	-3.23345	-0.0174231	-0.967915	10	3.64043	
4.00403	-8.66318	-0.598034	-1.89769	10.7036	3.81251	4.65077	-3.18431	-0.0104947	-0.937101	10.037	3.64151	4.04491	-6.35441	-0.338234	-2.17243	11.3347	3.86751	4.64068	-3.14616	-0.0110102	-0.966056	10	3.63848	4.33734	-8.33244	-0.42217	-1.92562	10.7194	3.93192	4.68719	-3.13538	-0.00997434	-0.760353	10	3.64	
4.2027	-9.33545	-0.971498	-1.74769	10.7439	3.82993	4.68552	-3.14138	-0.00841224	-0.968245	10	3.64	4.05107	-6.00677	-0.314644	-1.81698	11.3496	3.84823	4.69151	-3.1503	-0.0105715	-0.870443	10	3.64566	4.43813	-8.96052	-0.634144	-2.09725	10.7741	3.90494	4.66922	-3.13608	-0.00959331	-0.702613	10	3.64132	
4.02255	-8.65089	-0.695196	-1.79097	10.3759	3.78076	4.61517	-3.14261	-0.00863537	-0.990566	10	3.64083	4.2357	-6.03402	-0.272522	-2.28731	11.4147	3.88006	4.67526	-3.14092	-0.00790504	-0.960676	10	3.64	4.32526	-8.32761	-0.577698	-2.12371	10.9279	3.90742	4.65157	-3.13675	-0.0109244	-0.753117	10	3.64	
4.15876	-9.10168	-0.804268	-1.96979	10.5563	3.84056	4.6598	-3.14001	-0.0112569	-0.817262	10	3.64	4.20075	-6.18509	-0.554874	-2.07108	12.037	3.88536	4.66979	-3.14236	-0.00922652	-0.887279	10	3.64	4.35928	-8.85981	-0.55866	-2.18703	10.9175	3.90433	4.69236	-3.13433	-0.0107768	-0.773133	10	3.64	
4.00236	-8.8358	-0.688203	-1.60913	10.5427	3.79776	4.6617	-3.1512	-0.00932115	-0.878998	10	3.64067	4.19966	-6.15388	-0.43869	-1.90629	11.6579	3.86454	4.6819	-3.15465	-0.0115823	-0.816906	10	3.64587	4.4172	-8.21451	-0.802772	-2.23375	11.4074	3.92263	4.67953	-3.13615	-0.0119339	-0.72941	10	3.64	
4.09549	-8.62511	-0.644312	-2.15997	10.5716	3.83031	4.67055	-3.14212	-0.00961417	-1.03845	10	3.64	4.01527	-6.1602	-0.556487	-1.95482	11.8637	3.85845	4.63206	-3.14449	-0.00766811	-0.911439	10	3.6422	4.37814	-9.56199	-0.953639	-2.18825	10.9678	3.91043	4.69169	-3.13325	-0.00919933	-0.715579	10	3.64	
4.07534	-8.83702	-0.7732	-1.76641	10.5564	3.8313	4.64094	-3.21438	-0.0111423	-0.982161	10.021	3.64258	4.25039	-6.15277	-0.286669	-2.09164	10.9224	3.86277	4.66345	-3.1847	-0.00671513	-0.918102	10	3.67354	4.38025	-7.59509	-0.36521	-1.89551	10.5886	3.9215	4.67236	-3.14732	-0.0131825	-0.859499	10.0207	3.6433	
4.17229	-9.08444	-0.816174	-1.91173	10.393	3.83285	4.67302	-3.14242	-0.00810383	-0.847377	10	3.63868	4.12448	-6.48171	-0.733994	-2.08563	12.2548	3.86464	4.68953	-3.14482	-0.0101617	-0.973221	10	3.64059	4.30993	-9.70343	-0.744076	-1.99403	10.3477	3.90164	4.65402	-3.13514	-0.0105937	-0.757354	10	3.64	
4.11949	-9.06047	-0.733538	-1.77636	10.7175	3.81216	4.67756	-3.14549	-0.010004	-1.02027	10.0017	3.63949	4.00792	-5.92901	-0.675845	-2.3033	12.4175	3.82084	4.62738	-3.13236	-0.00846791	-1.02235	10	3.63209	4.21464	-10.024	-0.72886	-1.93029	10.4837	3.85995	4.72328	-3.13427	-0.0093111	-0.777767	10.0041	3.64052	
3.92843	-8.10977	-0.486156	-1.74684	10.2862	3.77146	4.69943	-3.16142	-0.0107046	-1.04238	10.0197	3.65505	4.14575	-6.69687	-0.197223	-1.92802	10.6208	3.85556	4.69197	-3.17612	-0.0110037	-0.985408	10	3.66557	4.36666	-6.35646	-0.462933	-2.40939	11.6886	3.94227	4.6227	-3.21414	-0.0167767	-0.890375	10.0181	3.64604	
4.1876	-9.31882	-0.931673	-1.75899	10.5309	3.84095	4.62956	-3.14059	-0.00398132	-1.16168	9.98512	3.64756	3.99872	-6.29515	-0.669881	-2.19352	11.6459	3.82809	4.68625	-3.14534	-0.00816125	-0.930437	10	3.64236	4.29247	-9.64665	-0.796689	-2.03791	10.3972	3.82869	4.67331	-3.13125	-0.00897869	-0.707713	10	3.64	
4.05572	-8.96934	-0.752256	-1.87024	10.2324	3.83542	4.66555	-3.09959	-0.005545	-0.768925	9.98384	3.64271	4.08429	-6.35537	-0.687669	-2.30049	11.9247	3.87521	4.66089	-3.13498	-0.0101407	-0.88303	10	3.63275	4.30653	-9.96953	-0.911239	-2.22547	10.6148	3.89857	4.66591	-3.12325	-0.00871411	-0.747874	10	3.64	
4.09847	-9.03657	-0.703805	-1.82779	10.4981	3.79562	4.65283	-3.14256	-0.00807216	-0.94629	10	3.64	4.12372	-5.73012	-0.341972	-1.97694	11.7028	3.82097	4.68178	-3.14957	-0.0114809	-0.927714	10	3.64037	4.34971	-8.23822	-0.618618	-2.11421	11.4505	3.88017	4.66197	-3.133	-0.00852928	-0.732743	10	3.64	
4.14388	-9.11723	-0.898492	-1.702	10.6879	3.8176	4.6202	-3.19866	-0.0119871	-1.28752	10.0472	3.63983	3.91527	-5.73886	-0.237261	-2.04441	10.9413	3.77216	4.60884	-3.15713	-0.00773587	-0.855562	10	3.65029	4.34163	-8.61017	-0.656226	-1.96654	10.6209	3.89459	4.70327	-3.13604	-0.0133042	-0.712502	10	3.64	
4.11039	-9.12764	-0.752155	-1.68447	10.4901	3.81106	4.68132	-3.15455	-0.0095375	-0.949036	10.0135	3.63962	4.01188	-5.80486	-0.387915	-2.07915	11.3721	3.78933	4.68644	-3.14759	-0.00959353	-0.746342	10	3.6471	4.2504	-9.478	-0.589809	-1.84535	10.249	3.87294	4.66623	-3.13137	-0.00944472	-0.751954	10	3.64	
4.04749	-9.03849	-0.82027	-1.72264	10.3903	3.7905	4.65147	-3.14175	-0.00751913	-1.18331	9.98706	3.64469	3.9345	-5.85426	-0.415717	-1.90998	11.7916	3.80525	4.6515	-3.14696	-0.0100213	-0.882325	10	3.64026	4.34936	-10.1665	-0.779198	-1.72387	10.6965	3.91025	4.66628	-3.13267	-0.00907947	-0.718969	10	3.64	
4.02236	-8.90132	-0.8391	-2.32299	10.5578	3.78624	4.68346	-3.1468	-0.0116194	-0.810586	10.0101	3.64003	4.08091	-6.70177	-0.519659	-2.21266	11.5971	3.8853	4.63511	-3.16103	-0.00951414	-0.973555	10	3.65221	4.59502	-8.71904	-0.568963	-2.70035	11.076	3.95775	4.71971	-3.13439	-0.0121765	-0.70987	10	3.64	
4.04592	-8.91294	-0.822257	-2.09747	10.7863	3.80967	4.43873	-3.19499	-0.0128184	-1.50165	10.0488	3.64399	3.80441	-6.24122	-0.244853	-2.14783	11.1553	3.75088	4.68642	-3.14628	-0.0116791	-0.988303	10	3.64223	4.55174	-9.2137	-0.54351	-2.24193	10.4467	3.90994	4.65081	-3.13377	-0.0102313	-0.732789	10	3.64	
4.21044	-9.7103	-0.888684	-1.96746	10.2941	3.81681	4.55191	-3.1689	-0.00901154	-1.41072	9.97008	3.63687	3.91886	-5.7842	-0.313768	-1.79023	11.2892	3.78684	4.65339	-3.14811	-0.00789653	-0.865272	10	3.64411	4.30197	-8.49239	-0.798872	-2.23316	10.9179	3.90435	4.69606	-3.1345	-0.0136084	-0.693191	10	3.64	
4.15556	-9.70694	-1.01637	-1.95258	10.5104	3.82339	4.43087	-3.196	-0.0132565	-1.51117	9.96518	3.63767	3.77592	-5.82106	-0.217191	-2.06219	10.5113	3.72606	4.63011	-3.14272	-0.00859529	-0.857408	10	3.63543	4.36819	-10.1603	-0.827251	-2.25715	10.9148	3.89411	4.66439	-3.13111	-0.00884986	-0.678881	10	3.64	
4.16214	-9.27744	-0.811474	-1.69261	10.2609	3.83668	4.56678	-3.19759	-0.0158583	-1.37942	10.0914	3.63502	4.03578	-5.58554	-0.272509	-1.75402	11.3517	3.81961	4.635	-3.15849	-0.0125873	-0.953845	10	3.64679	4.34259	-7.73202	-0.400226	-2.10194	10.7492	3.9159	4.65933	-3.13558	-0.0102816	-0.765352	10	3.64	
4.19622	-9.503	-1.03575	-1.86413	10.6192	3.85312	4.52972	-3.20464	-0.0133022	-1.50163	10.16	3.64661	3.88549	-5.56517	-0.192758	-2.01836	11.0476	3.80079	4.67123	-3.17427	-0.0121974	-1.11182	10	3.6605	4.36527	-7.20597	-0.384783	-2.16873	11.1994	3.92817	4.67022	-3.13685	-0.0110047	-0.718532	10	3.64	
4.1233	-9.01579	-0.769859	-1.87096	10.6519	3.77893	4.44123	-3.21453	-0.0145973	-1.71854	10.0854	3.64252	3.7999	-5.93042	-0.0840882	-1.63176	10.2842	3.79556	4.64559	-3.19917	-0.0131161	-0.989996	10	3.67881	4.47382	-5.44144	-0.135343	-2.3268	10.8825	3.94224	4.68468	-3.13471	-0.0100045	-0.751427	10	3.64	
4.13417	-8.92982	-0.742407	-2.1375	10.5303	3.83244	4.6066	-3.1695	-0.00936315	-1.03637	10.0415	3.64692	4.08951	-5.66214	-0.155538	-2.04453	10.9853	3.85495	4.68379	-3.15729	-0.00999074	-0.948332	10	3.64939	4.38884	-6.68446	-0.371503	-2.17678	11.2724	3.93486	4.67981	-3.1371	-0.0111433	-0.725562	10	3.64	
4.13959	-9.03684	-0.811324	-1.80705	10.4738	3.83242	4.43799	-3.3527	-0.0285061	-1.38253	10.0996	3.64686	4.01197	-5.5314	-0.140624	-1.80832	10.7073	3.80946	4.64192	-3.16301	-0.00853529	-0.956094	10	3.64766	4.37342	-7.32317	-0.285943	-2.28965	10.7399	3.95291	4.65823	-3.16935	-0.0134959	-0.987172	10.0171	3.64718	
3.97963	-8.61395	-0.654942	-1.88899	10.6648	3.81375	4.59573	-3.19224	-0.0138447	-1.08178	10.0247	3.6418	4.26173	-6.59269	-0.187487	-2.07883	11.0545	3.91825	4.66433	-3.18206	-0.0123627	-0.92269	10	3.66821	4.51521	-5.96543	-0.342767	-2.33348	10.886	3.95452	4.65666	-3.13306	-0.00899427	-0.737953	10	3.64	
4.19269	-9.37626	-0.812877	-1.56915	10.2575	3.82981	4.67382	-3.18697	-0.00503723	-0.982656	9.99796	3.65326	4.32558	-5.82495	-0.21918	-1.91005	11.182	3.89502	4.59308	-3.18622	-0.00963627	-0.993733	9.99576	3.66207	4.41784	-7.77469	-0.415628	-2.31808	11.2471	3.89058	4.6955	-3.1324	-0.00842744	-0.731593	10	3.64	
4.09909	-8.6439	-0.560818	-1.80197	10.7564	3.77595	4.58952	-3.21706	-0.0204264	-1.30911	10.1514	3.64185	3.98432	-5.92747	-0.0824797	-2.1741	10.548	3.82985	4.66631	-3.14739	-0.00844261	-0.976484	10	3.64567	4.39657	-6.98505	-0.332916	-2.08307	11.0818	3.91128	4.68359	-3.13406	-0.0120242	-0.763837	10	3.64	
3.93146	-8.3332	-0.452316	-1.83091	10.4285	3.7672	4.57696	-3.18019	-0.00808484	-1.32582	10.0036	3.64941	3.99359	-6.05886	-0.0911523	-1.9235	10.589	3.82694	4.65022	-3.15631	-0.0116527	-1.01434	10	3.64495	4.31678	-6.84793	-0.289507	-1.9766	11.6513	3.90503	4.68588	-3.1373	-0.0127955	-0.719314	10	3.64	
4.10107	-9.28204	-0.855607	-1.442	10.4461	3.8261	4.65393	-3.13845	-0.00729874	-0.890746	10	3.63927	4.12042	-5.94291	-0.390377	-2.06142	11.5864	3.90042	4.69935	-3.136	-0.0100394	-0.870252	10	3.64063	4.51308	-8.49453	-0.672527	-2.56108	11.5019	3.93308	4.6692	-3.13236	-0.00968347	-0.703852	10	3.64	
4.25063	-9.50751	-1.05893	-1.85761	10.8251	3.82245	4.63738	-3.15069	-0.00968777	-1.12419	10	3.63499	4.02336	-5.65994	-0.267883	-2.04378	11.6041	3.83148	4.60842	-3.14787	-0.00817216	-0.957134	10	3.64527	4.40193	-8.10189	-0.538946	-2.22592	11.5168	3.93053	4.67897	-3.13226	-0.00982478	-0.709291	10	3.64	
4.2286	-9.62053	-0.968697	-1.70164	10.4576	3.85978	4.71997	-3.08554	0.00137115	-1.06329	9.96282	3.63844	4.24935	-6.38399	-0.580711	-2.36522	12.1508	3.88157	4.65592	-3.1351	-0.0119672	-0.919474	10.0039	3.6304	4.27724	-8.65486	-0.472631	-2.13679	10.4421	3.88353	4.69345	-3.12516	-0.00802996	-0.649562	9.96916	3.64	
4.18608	-8.94447	-0.662795	-1.77438	10.4995	3.8551	4.4276	-3.47887	-0.0431857	-1.30771	10.1533	3.64619	4.23045	-6.42899	-0.201407	-1.77572	10.8	3.86801	4.72371	-3.17741	-0.0003882	-1.13655	9.96771	3.69383	4.35622	-7.28257	-0.413111	-2.07208	11.3459	3.92285	4.60635	-3.18101	-0.0180581	-0.781379	9.98469	3.64347	
4.22341	-9.23377	-0.976461	-1.94162	10.5888	3.86462	4.55963	-3.28371	-0.0291277	-1.35342	10.1231	3.63976	4.12359	-4.56096	-0.0412487	-1.94392	10.9172	3.82892	4.64476	-3.16142	-0.0112055	-0.911893	10	3.65383	4.5631	-5.38964	-0.295399	-2.22445	11.3421	3.93502	4.69336	-3.13998	-0.0150728	-0.702865	10	3.64	
4.16928	-9.15279	-0.93637	-1.90159	10.4429	3.83897	4.66428	-3.15146	-0.00956822	-0.847674	10	3.64925	4.08123	-6.38013	-0.328836	-1.97334	11.2821	3.91437	4.61037	-3.14191	-0.00931846	-0.83162	10	3.63831	4.40826	-7.93364	-0.377736	-1.92585	11.1536	3.92743	4.66808	-3.1344	-0.00978697	-0.705816	10	3.64	
4.168	-9.22547	-0.845759	-1.72706	10.6041	3.85425	4.66331	-3.14475	-0.0109712	-0.961883	10	3.64431	4.10579	-6.18777	-0.566952	-2.12127	11.9523	3.90328	4.68831	-3.13796	-0.00774037	-0.75831	10	3.6385	4.39398	-8.52314	-0.685245	-2.59537	11.3687	3.93021	4.6728	-3.13308	-0.0103322	-0.688371	10	3.63954	
4.07472	-8.87528	-0.782992	-1.90329	10.2175	3.8184	4.67659	-3.13981	-0.00879843	-0.933282	10	3.64	4.15751	-5.98616	-0.523373	-2.04383	11.9223	3.88105	4.68517	-3.1472	-0.0125432	-0.836046	10	3.64323	4.3555	-8.29917	-0.708421	-2.3566	11.7785	3.90173	4.69503	-3.13675	-0.0118008	-0.739208	10	3.63976	
4.09466	-8.90489	-0.70958	-2.01666	10.3219	3.79854	4.67635	-3.13681	-0.00865343	-0.946191	10	3.63911	4.17711	-5.8546	-0.388173	-2.1351	11.4466	3.86411	4.65388	-3.15435	-0.0111921	-0.932905	10	3.64866	4.47779	-8.07457	-0.71872	-2.44616	11.4945	3.94157	4.68224	-3.13674	-0.011113	-0.744885	10	3.64065	
4.13832	-9.12198	-0.872352	-1.80348	11.1115	3.84199	4.67677	-3.14677	-0.00927174	-0.896935	10	3.64304	4.18096	-6.2516	-0.480979	-2.08698	11.7518	3.88411	4.67713	-3.14262	-0.0105648	-0.974592	10	3.63746	4.37094	-8.04059	-0.607631	-1.92344	11.3668	3.94494	4.67246	-3.1364	-0.0119019	-0.706774	10	3.64036	
4.03805	-8.95623	-0.875225	-1.84409	10.5426	3.83333	4.6663	-3.15354	-0.00819036	-0.940516	10	3.65218	4.08571	-6.1837	-0.234213	-2.07661	10.9441	3.87257	4.66747	-3.17374	-0.011377	-0.887785	10	3.66537	4.52544	-8.10893	-0.331807	-2.10986	10.6756	3.9312	4.67898	-3.14434	-0.0121229	-0.759944	10	3.64566	
4.12751	-9.21806	-0.743111	-1.73406	10.1714	3.8474	4.65101	-3.18011	-0.0119421	-0.924379	10	3.64896	4.03214	-6.68712	-0.132003	-2.00015	10.7214	3.87747	4.66997	-3.15596	-0.014959	-0.945243	10	3.64297	4.53805	-7.40657	-0.3136	-2.0514	10.7937	3.93646	4.64342	-3.14417	-0.00904847	-0.856664	10	3.64678	
4.26298	-9.32309	-0.920581	-2.15144	10.7601	3.83438	4.65471	-3.15384	-0.011411	-0.899607	10	3.65017	4.17701	-6.08935	-0.133912	-2.08671	10.7808	3.89249	4.66344	-3.1674	-0.0100633	-0.830224	10	3.664	4.39824	-7.77928	-0.326181	-2.39086	10.9255	3.9238	4.68037	-3.13795	-0.0139395	-0.768986	10	3.6368	
4.1927	-9.2751	-0.835436	-2.14499	10.5949	3.82745	4.67245	-3.14548	-0.0091333	-1.10199	10	3.63937	4.15573	-7.15065	-0.14131	-1.76793	10.4982	3.88719	4.64256	-3.1964	-0.00777839	-0.978301	10	3.67715	4.48644	-6.56041	-0.309326	-2.34751	11.0034	3.93397	4.68124	-3.15195	-0.0111702	-0.770442	10	3.65097	
4.24033	-9.1092	-0.779224	-1.94042	10.5632	3.85386	4.67763	-3.15631	-0.00856169	-1.1	10.0036	3.64961	4.10099	-6.4981	-0.0874437	-2.08922	10.6541	3.86603	4.6803	-3.18934	-0.0133538	-1.13486	10	3.66845	4.53924	-7.54758	-0.466616	-2.67154	11.4533	3.9301	4.71185	-3.15169	-0.0135622	-0.785201	10	3.64923	
4.17058	-9.12164	-0.83168	-1.83307	10.609	3.87552	4.6765	-3.13638	-0.00662317	-0.946351	10	3.63817	4.02107	-6.3482	-0.0249382	-1.84625	10.3854	3.88133	4.64487	-3.16217	-0.0102733	-0.95407	10	3.65379	4.54735	-5.55955	-0.197203	-2.06623	10.7376	3.95755	4.70958	-3.13802	-0.0137447	-0.764316	10	3.63916	
4.16196	-8.97169	-0.770748	-1.84157	10.3168	3.84257	4.70478	-3.12431	-0.00622332	-0.815886	10	3.64754	4.05343	-6.20727	-0.101122	-1.75197	10.6744	3.89332	4.66687	-3.16842	-0.00845865	-0.773706	10	3.66522	4.43397	-7.94968	-0.294403	-2.35975	11.2274	3.91976	4.65193	-3.13308	-0.00834225	-0.786018	10	3.63939	
4.17326	-9.42599	-0.928752	-2.01763	10.6332	3.81607	4.55213	-3.22644	-0.021482	-1.19757	10.1167	3.64783	4.12878	-6.53272	-0.159657	-1.91082	10.6575	3.84293	4.68038	-3.20776	-0.00877492	-1.10882	10	3.67052	4.29103	-7.93297	-0.617686	-2.16783	10.9831	3.91169	4.61567	-3.16969	-0.0127788	-1.02476	10.0118	3.65069	
4.21411	-8.96369	-0.87255	-2.12457	10.7756	3.85166	4.50574	-3.17032	-0.00791916	-1.2228	10.054	3.6394	4.12195	-6.29322	-0.138408	-1.82437	10.5934	3.88494	4.67073	-3.17024	-0.0140057	-1.09085	10.0021	3.65181	4.23538	-6.7601	-0.216408	-2.38555	11.3403	3.90912	4.67855	-3.14067	-0.0116237	-0.784658	10	3.64489	
4.14371	-8.61151	-0.58868	-1.70586	10.6379	3.88119	4.49448	-3.20706	-0.0155028	-1.44207	10.0968	3.64501	3.99469	-6.42481	-0.073706	-2.1365	10.3192	3.8483	4.54861	-3.19999	-0.0091246	-1.23273	10.0393	3.66689	4.20844	-7.2923	-0.305534	-2.21712	11.0886	3.86753	4.69588	-3.13623	-0.00967956	-0.943007	10	3.63955	
4.1725	-9.18687	-0.729133	-1.98003	10.4355	3.84526	4.4216	-3.34958	-0.0375609	-1.59058	10.2564	3.65596	3.86664	-6.72687	-0.0677566	-1.63946	10.5118	3.82275	4.61859	-3.24449	-0.0127072	-1.3341	10.0083	3.69422	4.15255	-6.56402	-0.474282	-2.02347	11.7224	3.89637	4.64923	-3.16882	-0.010512	-1.21825	10	3.65038	
4.04101	-8.47743	-0.603395	-1.89494	10.5891	3.85127	4.3211	-3.33485	-0.0443457	-1.46319	10.2013	3.6386	4.04201	-7.08878	-0.27061	-1.98974	11.2215	3.82574	4.58049	-3.15673	-0.00676858	-1.31007	10.0005	3.63702	4.08417	-6.66733	-0.236096	-1.91408	11.3733	3.83621	4.59837	-3.15252	-0.00941087	-1.10571	9.9952	3.64004	
3.99004	-8.52077	-0.679321	-1.89448	10.6676	3.82719	4.37645	-3.28735	-0.0288179	-1.55266	10.0935	3.64124	3.91998	-6.32038	-0.0915463	-1.98054	10.7185	3.81132	4.61045	-3.19054	-0.009311	-1.35342	10.0173	3.67045	4.19936	-5.47947	-0.162694	-2.03024	11.1727	3.89592	4.62063	-3.16357	-0.0088748	-1.12576	10	3.64929	
4.23695	-9.20095	-0.776321	-1.96849	10.4378	3.84201	4.48954	-3.21249	-0.019318	-1.46256	10.0307	3.63708	3.99228	-6.60803	-0.12607	-1.85509	10.7703	3.82054	4.59498	-3.25061	-0.0140874	-1.12411	9.99836	3.65047	4.28332	-5.88601	-0.251442	-2.18015	11.3761	3.89328	4.6916	-3.14303	-0.0102363	-0.946391	10.0231	3.64016	
4.15829	-9.44145	-0.942415	-1.66862	10.482	3.84447	4.58336	-3.18665	-0.00554839	-1.48331	9.962	3.63983	4.17752	-6.22226	-0.169203	-1.89325	10.9063	3.86609	4.60164	-3.1688	-0.00897092	-1.05191	10.0261	3.64775	4.22637	-7.22958	-0.30885	-2.07674	11.014	3.90864	4.67001	-3.14342	-0.00985738	-1.04429	10.024	3.64321	
4.2397	-8.83299	-0.708746	-2.00564	10.5758	3.84667	4.06692	-3.73456	-0.0887082	-1.74342	10.4139	3.64221	3.866	-6.65513	-0.234399	-2.06305	10.8752	3.72665	4.45996	-3.2561	-0.0115851	-1.40746	10.0299	3.67521	4.06935	-6.29771	-0.237323	-1.84871	11.0632	3.87489	4.51337	-3.24267	-0.0215261	-1.52178	10.032	3.65832	
4.27972	-9.60188	-1.0524	-2.00669	10.6299	3.84527	4.57068	-3.1507	-0.00596446	-1.26676	10	3.64	4.16873	-6.33217	-0.242231	-2.14987	11.2762	3.87958	4.66976	-3.14141	-0.00912078	-0.806686	10	3.63894	4.46166	-6.88558	-0.495051	-2.72457	11.568	3.93559	4.67878	-3.13352	-0.00984911	-0.779292	10	3.64	
4.09442	-9.55957	-0.903852	-1.75367	10.3385	3.86776	4.66467	-3.14242	-0.00708326	-1.13588	10.0057	3.64003	4.01433	-5.91574	-0.560165	-1.9923	12.2776	3.82438	4.69621	-3.1402	-0.0113402	-0.787025	10	3.64243	4.31436	-8.776	-0.69607	-1.99819	10.9451	3.89627	4.67245	-3.13537	-0.0115525	-0.7347	10	3.63961	
4.24007	-9.56309	-0.937514	-1.95229	10.5541	3.88251	4.58835	-3.1592	-0.00766245	-1.38136	10.0514	3.63903	4.27165	-6.53889	-0.268977	-1.84794	11.0722	3.92428	4.69223	-3.15487	-0.00932712	-1.0269	10	3.64967	4.43123	-7.37282	-0.580137	-2.49412	12.2816	3.91462	4.66464	-3.14302	-0.0125117	-0.850627	10	3.64	
3.95906	-8.8396	-0.645616	-1.77684	10.2487	3.78002	4.60635	-3.15796	-0.00812379	-1.25679	10	3.64004	4.08537	-6.56894	-0.39939	-2.37899	11.4659	3.86641	4.73314	-3.15545	-0.00935969	-1.05047	10	3.65193	4.24209	-7.74136	-0.467836	-1.96668	10.9071	3.90137	4.65818	-3.14034	-0.0118234	-0.795726	10	3.64097	
4.17809	-9.05488	-0.735045	-2.00525	10.5518	3.82398	4.52184	-3.23655	-0.016811	-1.3962	10	3.64149	4.24294	-6.49153	-0.306085	-1.95381	11.0697	3.88876	4.67909	-3.16718	-0.00972166	-0.903709	10	3.66159	4.39117	-7.78985	-0.427291	-2.27184	10.8213	3.90863	4.61795	-3.15277	-0.0112838	-0.952398	10	3.64426	
3.98725	-8.90675	-0.769266	-1.76685	10.5882	3.77515	4.64792	-3.14514	-0.00807184	-1.10706	9.98893	3.64	4.16387	-5.80883	-0.445744	-2.07102	11.7419	3.86297	4.59315	-3.1431	-0.00820897	-0.794442	10	3.63871	4.40122	-8.51529	-0.630629	-2.04055	11.3647	3.89362	4.66156	-3.13608	-0.0128185	-0.774625	10	3.64	
4.05457	-9.00242	-0.776098	-1.94996	10.5558	3.80087	4.5594	-3.16017	-0.00709898	-1.25407	10	3.64213	4.24732	-6.45728	-0.365898	-2.35865	11.4603	3.92445	4.65476	-3.16009	-0.0116657	-0.954539	10	3.64807	4.47016	-6.73038	-0.392457	-2.32559	11.3542	3.95606	4.66906	-3.13988	-0.0119332	-0.804076	10	3.64	
4.10773	-9.68562	-0.996781	-2.08505	10.4269	3.8316	4.61679	-3.17073	-0.0101178	-1.37617	10	3.64273	4.06606	-6.259	-0.433547	-1.94288	11.4807	3.87493	4.66296	-3.14786	-0.00901637	-0.871043	10	3.64294	4.41574	-8.35604	-0.778607	-2.06914	11.3661	3.90427	4.69231	-3.13902	-0.0109391	-0.822338	10	3.64	
4.25391	-9.47484	-0.711869	-2.06212	10.5528	3.84241	4.60317	-3.16946	-0.00718786	-1.11182	10	3.65292	4.2247	-6.69357	-0.601662	-2.13698	11.5128	3.90716	4.63632	-3.16002	-0.0104802	-0.919496	10	3.64635	4.08133	-8.47663	-0.584534	-1.66896	10.4929	3.86039	4.69147	-3.13659	-0.0114116	-0.754553	10	3.64	
4.16543	-9.65405	-0.956316	-2.05855	10.3311	3.80445	4.62661	-3.151	-0.00693451	-1.10313	9.9913	3.6433	4.17005	-6.43215	-0.701187	-1.9838	12.0179	3.86161	4.64153	-3.15189	-0.00919001	-0.869528	10.0041	3.63716	4.40986	-6.47279	-0.640014	-2.19734	10.9759	3.88036	4.69035	-3.13454	-0.0107378	-0.742588	10	3.63999	
4.17079	-9.46191	-0.897575	-1.88224	10.5605	3.84045	4.63947	-3.14511	-0.00639456	-1.19403	10	3.64282	4.24672	-6.18098	-0.651897	-2.42109	12.5449	3.84866	4.66089	-3.14046	-0.00947025	-0.793746	10	3.63867	4.18416	-8.04984	-0.662145	-2.02051	11.2306	3.83529	4.67417	-3.13603	-0.0113217	-0.750289	10	3.64	
4.05692	-9.19775	-0.877847	-1.69995	10.2759	3.8215	4.60628	-3.15969	-0.00641043	-1.35614	10	3.64823	4.07181	-6.18514	-0.402671	-2.15642	11.4149	3.86545	4.62322	-3.15946	-0.00889527	-0.976995	10	3.64571	4.31792	-8.23356	-0.488136	-2.00629	10.9315	3.91186	4.69545	-3.13569	-0.0108005	-0.827285	10	3.64	
4.04477	-8.77438	-0.637374	-1.70564	10.2249	3.81396	4.56132	-3.17965	-0.0103442	-1.34424	10.0617	3.64504	4.1793	-6.73329	-0.10225	-1.87008	10.7626	3.89528	4.64163	-3.18579	-0.0107855	-1.20063	10	3.66468	4.35752	-6.26772	-0.29366	-2.29477	11.1379	3.9256	4.65204	-3.1469	-0.0131752	-0.892741	10	3.64261	
4.10086	-9.13967	-0.795619	-2.11277	10.5001	3.86764	4.62124	-3.15823	-0.00707279	-1.05802	10	3.64575	4.24026	-5.77079	-0.430121	-1.99025	11.8687	3.86749	4.64571	-3.15115	-0.00957696	-0.877751	10	3.64074	4.3419	-8.63249	-0.566805	-2.16018	10.9091	3.90381	4.68369	-3.13577	-0.0122261	-0.820634	10	3.64	
4.09902	-8.72695	-0.630722	-1.96559	10.4338	3.79332	4.63466	-3.14049	-0.0069943	-1.21952	10.0084	3.64155	4.30327	-6.23431	-0.2454	-1.98012	10.9209	3.91378	4.67995	-3.17124	-0.0104772	-1.07749	10	3.6532	4.45888	-7.88804	-0.553675	-2.37962	11.0693	3.91465	4.6679	-3.14485	-0.00958156	-0.803461	10	3.64571	
4.02442	-8.89651	-0.691694	-2.16552	10.5735	3.83033	4.52569	-3.15501	-0.00720283	-1.45232	10.0343	3.64728	4.23848	-6.50161	-0.113327	-2.01477	10.5897	3.89716	4.65766	-3.17643	-0.00965134	-0.980718	10	3.66075	4.5393	-7.93446	-0.401151	-2.15816	11.3243	3.94418	4.66929	-3.13764	-0.00895902	-0.751078	10	3.64524	
4.16358	-9.16569	-0.809531	-2.11255	10.6647	3.83596	4.5389	-3.21152	-0.0122097	-1.51366	10.1253	3.64682	4.00846	-6.2178	-0.0650272	-1.72244	10.2564	3.87324	4.67655	-3.20482	-0.0149368	-0.858568	10	3.68779	4.54688	-6.93169	-0.350389	-2.59112	11.0106	3.96218	4.73032	-3.13894	-0.0135808	-0.75802	10	3.64015	
4.1908	-9.23294	-0.788329	-1.87572	10.3451	3.84807	4.57413	-3.18985	-0.00578367	-1.32221	9.96893	3.63928	4.21424	-6.3979	-0.0870476	-2.11473	10.3811	3.87027	4.60741	-3.19015	-0.00931761	-1.03789	9.98942	3.66402	4.33317	-6.75716	-0.283619	-1.98255	10.9524	3.88501	4.68488	-3.12082	-0.0040586	-0.948632	9.96124	3.64071	
4.16393	-8.8886	-0.702765	-1.71485	10.4338	3.82746	4.341	-3.26353	-0.0155575	-1.51962	10.217	3.65086	3.95337	-6.87048	-0.108428	-1.97872	10.5771	3.80842	4.69108	-3.16709	-0.00960572	-1.39366	10.0913	3.6483	3.93577	-6.62228	-0.1293	-1.76111	10.6563	3.82365	4.49137	-3.24504	-0.0233662	-1.2875	10.065	3.65881	
4.20604	-8.90303	-0.744647	-1.91517	10.6052	3.87221	4.3027	-3.58308	-0.11053	-1.62806	10.3254	3.65162	4.04196	-7.44644	-0.2248	-1.92113	10.4551	3.81448	4.69975	-2.99519	0.000348331	-1.22951	9.9888	3.64439	4.03241	-5.7216	-0.147281	-2.01909	11.3302	3.8628	4.69788	-3.03988	0.0474048	-0.9106	9.90675	3.63694	
3.8586	-7.89744	-0.42407	-1.84869	10.6564	3.68751	3.54721	-5.16585	-0.221498	-1.77186	10.5672	3.63628	3.64199	-5.92842	-0.243744	-1.82893	10.9313	3.66431	4.29566	-3.444	-0.046519	-1.78163	10.3023	3.65336	3.78071	-6.68887	-0.460757	-2.01467	10.6606	3.67856	4.20013	-4.60944	-0.286637	-1.85822	10.885	3.68187	
4.26443	-9.3723	-0.985132	-2.19012	10.7689	3.85876	4.62282	-3.21297	-0.0187168	-1.21761	10.0084	3.64753	4.1659	-6.89069	-0.107765	-1.74353	10.4638	3.8914	4.58882	-3.20232	-0.00928697	-1.35988	10.0026	3.6561	4.3024	-6.94506	-0.553601	-2.13066	11.8064	3.89549	4.63031	-3.18328	-0.0146184	-1.02167	10	3.65963	
4.13945	-9.24141	-0.910168	-1.79701	10.7273	3.824	4.55861	-3.15909	-0.00708422	-1.36548	10	3.64	4.04881	-6.44348	-0.164301	-2.08991	10.6775	3.85116	4.68073	-3.14866	-0.0094931	-1.03115	10	3.6439	4.36356	-6.55884	-0.263784	-2.05091	11.4922	3.93345	4.67095	-3.13897	-0.0129221	-0.787131	10	3.64	
4.20347	-9.45233	-0.834594	-2.14229	10.5716	3.83984	4.58115	-3.15856	-0.00663914	-1.28854	10	3.64	3.97561	-5.92549	-0.353293	-1.84485	11.5082	3.78382	4.67855	-3.14389	-0.00778981	-0.834878	10	3.64529	4.42309	-8.16796	-0.851841	-2.35253	11.5476	3.90763	4.66504	-3.13677	-0.0114365	-0.790683	10	3.64	
3.96706	-8.73035	-0.588127	-1.78339	10.5994	3.7795	4.60303	-3.14903	-0.00539082	-1.14139	10	3.64	3.87269	-6.10208	-0.376776	-1.8195	11.2437	3.80171	4.6763	-3.13608	-0.00937152	-0.850677	10	3.63721	4.20018	-8.2594	-0.710911	-1.89999	11.1125	3.88196	4.65716	-3.13693	-0.0108949	-0.779761	10	3.64	
4.13251	-9.19924	-0.774086	-1.96632	10.8801	3.85123	4.56425	-3.16951	-0.0104121	-1.31025	10	3.64058	4.14777	-6.25713	-0.456083	-2.03605	11.4086	3.82304	4.66603	-3.15553	-0.00798553	-0.898193	10	3.65046	4.13045	-7.47392	-0.468522	-1.58021	11.0068	3.85634	4.66314	-3.15126	-0.011764	-0.805638	10	3.64333	
4.08479	-9.14268	-0.72717	-2.13086	10.5762	3.81102	4.58038	-3.16736	-0.007271	-1.18723	10	3.64627	3.98831	-6.49026	-0.670316	-2.0164	11.7998	3.80277	4.62304	-3.1412	-0.00677678	-0.922419	10	3.64154	4.22017	-8.8893	-0.643942	-1.80796	10.2918	3.86943	4.69091	-3.1342	-0.0105509	-0.76254	10	3.64	
4.09451	-9.18972	-0.766536	-2.17051	10.5163	3.82914	4.5987	-3.16496	-0.00764623	-1.18179	10.0262	3.6486	4.02588	-6.3867	-0.530844	-2.13665	11.4323	3.78719	4.61768	-3.15927	-0.0109291	-1.05185	10	3.64241	3.9846	-6.80947	-0.272568	-2.01814	10.4202	3.77427	4.66296	-3.13224	-0.00883556	-0.780956	10	3.64	
4.17452	-9.9646	-1.15064	-1.71633	10.7723	3.85693	4.68183	-3.0935	-0.000959889	-1.20273	9.94558	3.64912	3.98856	-5.82849	-0.557708	-1.91582	11.4887	3.79062	4.69454	-3.12896	-0.00764025	-0.89697	10	3.63227	4.01375	-9.37828	-0.730129	-1.73743	10.2563	3.83739	4.68196	-3.07124	-0.00273394	-0.647079	9.98039	3.63673	
4.07325	-8.66538	-0.64877	-2.07445	10.4867	3.80347	4.60949	-3.16984	-0.0111823	-1.33282	10.0191	3.64	4.13471	-5.90439	-0.202921	-1.8307	11.6277	3.8892	4.66627	-3.15779	-0.00912379	-0.882516	10	3.64631	4.40575	-6.92223	-0.305484	-2.16803	10.9541	3.95366	4.68772	-3.13858	-0.0134086	-0.748927	10	3.64	
4.22243	-9.53213	-0.939752	-2.03347	10.3829	3.85678	4.62959	-3.14568	-0.0080506	-1.05012	9.99471	3.64159	4.11726	-5.80971	-0.569431	-2.09616	12.0348	3.86218	4.64775	-3.14158	-0.0103664	-0.897917	10	3.63885	4.32886	-8.93329	-0.722182	-1.83827	10.812	3.89395	4.67295	-3.12061	-0.00962506	-0.788097	10.0783	3.64	
3.97704	-8.15777	-0.460957	-2.01459	10.3432	3.80165	4.32445	-3.43186	-0.0489827	-1.63879	10.3571	3.64146	4.01206	-6.68099	-0.065189	-1.78518	10.1266	3.80622	4.59748	-3.20166	-0.0116147	-1.13699	10	3.66824	4.10644	-5.53789	-0.00185612	-1.77805	10.2335	3.87696	4.40386	-3.50329	-0.0463498	-1.23808	10.0239	3.64362	
4.07571	-8.99842	-0.704578	-1.88787	10.4468	3.78582	4.64435	-3.12743	-0.00550396	-0.904769	10.0027	3.64097	4.17246	-5.77346	-0.628693	-2.54927	12.5361	3.82811	4.68493	-3.13097	-0.00656971	-0.920413	10	3.63324	4.40743	-9.57063	-0.819747	-2.03137	11.3316	3.88451	4.66068	-3.10933	-0.00511776	-0.725927	10	3.64	
4.11621	-8.84076	-0.723333	-1.88681	10.9708	3.80302	4.64288	-3.15157	-0.0077993	-1.1413	10	3.64684	4.29615	-6.05942	-0.31144	-2.09428	11.5749	3.93076	4.61765	-3.15104	-0.00916252	-0.920954	10	3.64248	4.40044	-8.28223	-0.563647	-1.87599	11.0751	3.91751	4.69221	-3.13639	-0.00932399	-0.793708	10	3.64235	
4.11749	-9.23657	-0.792639	-1.85541	10.3913	3.84054	4.70105	-3.14937	-0.00803878	-1.11472	10	3.64287	4.25314	-6.13013	-0.328911	-1.75019	11.3201	3.90346	4.6174	-3.15342	-0.0105025	-0.888452	10	3.64339	4.47628	-7.93345	-0.53486	-2.23595	11.5151	3.90974	4.67988	-3.14245	-0.0132096	-0.827865	10	3.64037	
4.08391	-9.2543	-0.904	-1.85653	10.7472	3.82351	4.64947	-3.15223	-0.00882067	-1.14194	10.0054	3.64277	4.22685	-6.13468	-0.34374	-2.31749	10.9941	3.88033	4.65564	-3.17204	-0.0101559	-0.90659	10	3.65549	4.31904	-7.66957	-0.416249	-1.67605	10.7172	3.92379	4.58552	-3.23042	-0.0222031	-0.86366	10	3.63999	
3.97439	-8.78315	-0.685086	-1.58678	10.6308	3.77539	4.61621	-3.14251	-0.00613176	-0.890082	10	3.64006	4.14351	-6.32254	-0.188327	-1.98749	10.874	3.89724	4.62147	-3.15788	-0.00934049	-0.885421	10	3.64465	4.44825	-8.49272	-0.555166	-1.98781	11.4185	3.93548	4.67753	-3.13608	-0.00980308	-0.762698	10	3.64131	
4.09178	-8.84394	-0.643942	-1.6813	10.6883	3.82755	4.61243	-3.1574	-0.00990323	-1.23366	9.97786	3.63702	4.09993	-6.2039	-0.181369	-1.68768	10.9831	3.89516	4.67767	-3.16612	-0.00887331	-0.824223	10.0092	3.65442	4.58246	-7.95555	-0.500384	-2.05809	11.3776	3.94597	4.68801	-3.16236	-0.017734	-0.978547	10	3.64054	
4.13041	-8.88518	-0.590939	-1.87899	10.6857	3.79077	4.69552	-3.1743	-0.0106036	-0.986078	10	3.65987	3.98586	-6.24003	-0.0988905	-1.86679	10.5253	3.86484	4.60844	-3.17305	-0.0102751	-0.958447	10	3.65961	4.43864	-7.72371	-0.28958	-1.81239	10.9098	3.92688	4.71934	-3.16735	-0.0175935	-0.85786	10	3.65803	
4.10766	-9.15615	-0.696378	-1.88913	10.1828	3.81793	4.62803	-3.15291	-0.0085712	-1.13392	10	3.63946	4.04366	-6.66826	-0.0687608	-1.92509	10.5966	3.85602	4.70056	-3.18994	-0.00858474	-0.902543	10	3.68055	4.62529	-6.85938	-0.368194	-2.44915	11.4531	3.94389	4.63612	-3.14111	-0.0109665	-0.775174	10	3.64	
4.14097	-9.34664	-0.894284	-2.14695	10.6098	3.80258	4.56176	-3.26651	-0.02179	-1.3656	10.0764	3.64432	4.01357	-6.73336	-0.129973	-2.01774	10.673	3.82513	4.67946	-3.18256	-0.00980472	-1.24615	10.0244	3.65757	4.24502	-6.10705	-0.420596	-2.43419	11.2926	3.89108	4.51864	-3.33676	-0.0439209	-0.775997	10.1141	3.65171	
4.11102	-9.00876	-0.664538	-1.9075	10.5325	3.82576	4.64525	-3.18088	-0.016771	-1.10311	10.0656	3.64274	3.99333	-7.2326	-0.0889492	-1.94965	10.4106	3.82628	4.65495	-3.19576	-0.011314	-1.33056	10	3.65805	4.30431	-7.38449	-0.624682	-2.33786	11.4247	3.89801	4.5773	-3.23226	-0.016867	-1.12908	10.0687	3.64933	
4.06011	-8.95542	-0.829011	-1.87438	10.4815	3.78399	4.6414	-3.16721	-0.00902232	-1.29422	10	3.65366	4.32995	-5.28558	-0.183649	-2.13674	11.0762	3.89726	4.62794	-3.17428	-0.00932579	-1.06192	10	3.6533	4.4435	-7.68706	-0.336934	-2.00316	10.7105	3.93244	4.74502	-3.13662	-0.0139908	-0.706857	10	3.64	
4.01671	-8.70579	-0.618455	-2.00963	10.7151	3.78782	4.30846	-3.7178	-0.0516794	-1.42704	10.1235	3.65178	4.10675	-6.51043	-0.24864	-1.90263	10.6379	3.83143	4.58658	-3.3337	-0.0198217	-1.5124	10.0393	3.7254	4.14496	-7.7966	-0.583489	-2.18302	11.174	3.85184	4.35464	-3.66474	-0.0960558	-1.42752	10.3966	3.64566	
3.89997	-8.41702	-0.540331	-1.66723	10.7782	3.76185	4.40234	-3.29554	-0.0261396	-1.4677	10.2468	3.65929	3.69585	-6.27838	-0.264404	-2.01087	10.8752	3.69709	4.59996	-3.26408	-0.0391883	-1.22722	10.0749	3.64356	3.88162	-6.88032	-0.260431	-2.0255	10.8295	3.77694	4.60836	-3.15987	-0.00825115	-1.12841	10.0089	3.64588	
4.04748	-8.80878	-0.708095	-2.10591	10.4594	3.79828	4.58799	-3.16954	-0.010441	-1.46146	10.0007	3.64421	4.08998	-6.26159	-0.241634	-2.03232	11.3053	3.86354	4.66572	-3.14249	-0.00963113	-0.954164	10	3.64	4.21598	-5.90503	-0.158261	-2.01953	11.015	3.84722	4.64619	-3.15368	-0.00910672	-1.08099	9.9934	3.65262	
4.01536	-8.84608	-0.772594	-1.90086	11.075	3.78146	4.6461	-3.15287	-0.0096526	-1.09939	10.0037	3.6406	4.18952	-6.77629	-0.779699	-1.92756	11.5421	3.91143	4.61526	-3.1397	-0.00608959	-0.820037	10	3.63974	3.98025	-7.04441	-0.482145	-2.13175	10.8506	3.80372	4.63403	-3.14747	-0.00903734	-1.20827	10.0038	3.64015	
4.12438	-8.98089	-0.761567	-1.88249	10.5895	3.79299	4.64937	-3.17001	-0.00569317	-1.11298	10.0222	3.64588	4.08067	-6.61334	-0.755574	-2.35785	11.7022	3.85984	4.65227	-3.14956	-0.013081	-0.95328	10	3.64719	4.18837	-7.25769	-0.640595	-2.3667	11.828	3.86341	4.63162	-3.15715	-0.0100796	-0.802226	10.0042	3.64569	
4.05709	-7.8935	-0.706276	-1.97023	10.9033	3.82466	4.05468	-4.55518	-0.292179	-1.96598	10.9121	3.72176	4.00568	-9.09538	-0.977069	-1.86518	10.4254	3.74921	4.67152	-3.15027	-0.0116452	-0.756909	10	3.64838	4.28427	-5.12682	-0.140136	-2.31666	10.9746	3.92677	4.68544	-3.18309	-0.0168265	-0.848165	9.98896	3.64532	
4.08944	-8.41897	-0.63221	-1.77987	10.5546	3.80669	4.1301	-3.65372	-0.0996373	-1.86719	10.2429	3.65914	3.83765	-6.77643	-0.363825	-1.8585	10.4048	3.71465	4.63521	-3.19307	-0.0129983	-0.946445	10.0094	3.65956	3.85544	-5.67211	0.026138	-2.13484	10.5838	3.78154	4.42514	-3.44573	-0.0358828	-1.78987	10.1345	3.66636	
4.00663	-8.69834	-0.788768	-1.92872	10.6681	3.77996	4.18807	-3.56886	-0.0797835	-1.70342	10.3067	3.6523	3.72581	-6.99743	-0.457613	-1.64828	10.2979	3.65986	4.64603	-3.15776	-0.0118897	-0.916226	10	3.651	4.16127	-7.00644	-0.518173	-1.83782	11.0234	3.86232	4.53991	-3.34068	-0.0418428	-1.03127	10.0796	3.64783	
4.11294	-9.20576	-0.869408	-1.71695	10.3763	3.8317	4.63537	-3.18074	-0.0111038	-1.2744	10.0634	3.64928	4.02717	-7.47134	-0.801388	-1.50601	11.4242	3.81	4.67935	-3.13852	-0.010124	-0.769294	10	3.64	4.33366	-7.74773	-0.76804	-2.53062	11.8395	3.89938	4.6818	-3.13603	-0.0098379	-0.774465	10	3.63776	
4.052	-8.63506	-0.578416	-1.875	10.4961	3.80686	4.54933	-3.26266	-0.0386042	-1.56634	10.0152	3.64221	4.07753	-8.19821	-0.552782	-1.75827	10.4142	3.77957	4.64829	-3.1408	-0.00968598	-0.761249	10	3.64205	4.37778	-6.72215	-0.512595	-2.19108	11.5872	3.91159	4.64985	-3.15838	-0.0127275	-0.896204	10	3.65109	
4.15821	-8.9333	-0.715241	-1.77199	10.235	3.8185	4.64784	-3.21655	-0.0184847	-1.39485	9.99208	3.65837	4.11691	-7.9328	-0.642275	-2.11394	10.69	3.81441	4.69984	-3.13777	-0.0111938	-0.770697	10	3.64028	4.30381	-7.76744	-0.931459	-2.19326	12.6109	3.93371	4.66632	-3.15025	-0.0112781	-0.827894	10.0234	3.64597	
4.10901	-9.09007	-0.816894	-1.99915	10.662	3.87841	4.54305	-3.38033	-0.0552566	-1.63201	10.0634	3.68144	4.27844	-9.98169	-1.17716	-1.91486	10.6963	3.85289	4.68018	-3.13802	-0.00918926	-0.954975	10	3.63837	4.00287	-7.92934	-0.573462	-2.06394	11.2115	3.80405	4.6921	-3.14747	-0.00816656	-0.815906	10	3.64774	
4.13733	-9.27529	-0.949394	-2.02024	10.657	3.84953	4.73956	-3.1092	-0.000302725	-0.725732	9.97934	3.64514	4.4664	-7.19449	-0.844877	-2.37052	11.7515	3.94076	4.71485	-3.15037	-0.00788869	-1.01258	9.99681	3.65459	4.13253	-7.09371	-0.495858	-2.07551	10.9906	3.89854	4.6377	-3.16336	-0.00823375	-1.17462	10.0071	3.65856	
4.0932	-8.32979	-0.712877	-1.91519	10.9584	3.7847	4.62781	-3.2258	-0.0250456	-1.12953	9.97287	3.66159	4.20663	-7.75633	-0.593715	-1.81015	10.8461	3.86355	4.64841	-3.14504	-0.011923	-1.02092	10	3.64199	4.31961	-6.05949	-0.263984	-2.02015	10.942	3.92503	4.65693	-3.15853	-0.00987418	-0.809582	10	3.65351	
4.27206	-9.19808	-0.820746	-1.77196	10.6851	3.87611	4.631	-3.20581	-0.0180124	-1.38915	10.1516	3.64246	3.93732	-6.93493	-0.482883	-1.55411	10.5132	3.74249	4.64729	-3.1477	-0.00798058	-1.02688	10	3.64558	4.29867	-8.2224	-0.845383	-2.22384	11.4646	3.87554	4.62618	-3.14718	-0.00761714	-0.934988	10	3.64545	
4.19195	-9.15372	-0.813686	-1.9963	10.5079	3.83505	4.6701	-3.17993	-0.0106626	-1.19765	10.0729	3.65028	4.07975	-7.02109	-0.591483	-1.80337	11.156	3.81485	4.69304	-3.15107	-0.0121298	-0.928825	10	3.64141	3.95112	-7.91433	-0.476371	-1.98044	10.6105	3.84569	4.69427	-3.14561	-0.00875359	-1.10514	10	3.64088	
4.1706	-9.37631	-0.892718	-2.02224	10.8155	3.82835	4.57542	-3.16914	-0.00756021	-1.11117	10.0089	3.64567	3.94756	-6.50025	-0.413994	-1.62055	10.3857	3.81047	4.65599	-3.14372	-0.010673	-0.970708	10	3.63722	4.07476	-7.96981	-0.663616	-1.87308	10.7948	3.85026	4.68453	-3.13855	-0.0107943	-0.867636	10	3.64	
4.2184	-9.29135	-0.748163	-2.0189	10.5741	3.83698	4.70329	-3.16958	-0.010466	-1.22532	10.0155	3.65125	3.98632	-6.71935	-0.541846	-1.72805	10.7971	3.78159	4.70602	-3.14394	-0.0103588	-1.19359	10	3.64058	4.03595	-8.03576	-0.603224	-1.90675	10.7613	3.81758	4.64851	-3.144	-0.00858634	-0.908376	10	3.64	
4.13944	-9.24864	-0.785862	-1.73804	10.4842	3.85243	4.68011	-3.14363	-0.0067096	-1.10081	10.0183	3.63806	3.87806	-6.20188	-0.529644	-1.84979	11.0559	3.74732	4.59826	-3.13421	-0.00735729	-0.98419	10.0147	3.63437	3.93106	-9.09047	-0.506659	-1.91647	10.5666	3.80673	4.72956	-3.10023	-0.00819472	-0.721537	9.98814	3.63085	
4.09353	-8.1229	-0.666539	-2.23083	10.7658	3.83681	4.6228	-3.21334	-0.0164692	-1.32731	10.1301	3.65023	4.19243	-5.95963	-0.07223	-2.16314	10.4862	3.8569	4.69904	-3.16351	-0.0127663	-0.997233	10	3.6561	4.64287	-5.20075	0.0205011	-1.95464	10.1576	3.98359	4.62704	-3.22794	-0.0152427	-1.19898	10.0572	3.69075	
4.37418	-9.63807	-1.21745	-1.98043	10.775	3.87052	4.62038	-3.15971	-0.00535767	-1.08124	10.0346	3.65332	3.87555	-6.53313	-0.26397	-1.82566	10.6958	3.73504	4.66693	-3.1464	-0.00803505	-0.848175	10	3.6443	4.28487	-7.10156	-0.592834	-2.07294	10.9107	3.92274	4.73073	-3.14493	-0.0108103	-0.932883	10	3.64731	
4.19136	-8.93876	-0.803741	-2.10403	10.4629	3.82964	4.73097	-3.17401	-0.0255456	-1.11763	10	3.63991	3.99509	-6.38687	-0.469402	-2.01913	11.1318	3.78768	4.64754	-3.14221	-0.00797252	-0.813898	10.0205	3.63962	4.20286	-8.33135	-0.742915	-2.25516	11.1536	3.86836	4.68923	-3.1448	-0.00981017	-0.846365	10	3.64656	
4.28347	-8.97444	-1.03594	-2.16972	10.8579	3.8712	4.71628	-3.13483	-0.00789608	-0.961289	10	3.64	4.16848	-6.45514	-0.579057	-2.13462	11.5354	3.85	4.69054	-3.1468	-0.0109442	-0.919032	10	3.64649	4.42266	-6.96972	-0.678615	-1.75064	11.7928	3.90995	4.6809	-3.14047	-0.008407	-0.892291	10	3.64205	
4.24569	-9.23124	-0.97988	-1.86915	10.5775	3.85967	4.65567	-3.13913	-0.00925216	-0.91343	10	3.64	4.26989	-6.06024	-0.321197	-1.95344	11.4528	3.89032	4.695	-3.14141	-0.01073	-0.812539	10	3.64	4.37776	-7.2007	-0.541515	-2.08558	11.8799	3.94318	4.66084	-3.1416	-0.0112538	-0.807724	10	3.63991	
4.2231	-8.93482	-0.910962	-1.82567	10.7664	3.85625	4.6293	-3.13845	-0.00598512	-0.909154	10	3.64	4.23724	-6.36794	-0.20697	-2.09955	10.8162	3.901	4.67578	-3.19176	-0.0116196	-0.917367	10	3.68323	4.44031	-5.42037	-0.146868	-2.10924	10.75	3.9413	4.67572	-3.18198	-0.0140001	-1.24399	10	3.66411	
4.19547	-9.35746	-1.04739	-1.84535	10.6443	3.86614	4.67527	-3.13826	-0.00775773	-0.942622	10	3.64	4.12702	-6.45809	-0.456116	-1.97539	11.3788	3.83584	4.66723	-3.14148	-0.010967	-0.816119	10	3.63677	4.27252	-7.51811	-0.730889	-1.98265	11.528	3.92725	4.66645	-3.13328	-0.00737955	-0.867817	10	3.63618	
4.20727	-9.20685	-0.896923	-1.88603	10.2926	3.8408	4.63271	-3.13616	-0.00533073	-0.994506	10	3.64	4.13977	-6.31511	-0.413741	-2.15315	11.1975	3.86419	4.65815	-3.16143	-0.0103649	-0.968079	9.99051	3.65502	4.27548	-6.5816	-0.298511	-1.96579	10.9669	3.91906	4.65482	-3.15679	-0.00876089	-1.14318	10	3.65083	
4.2673	-9.51259	-1.09814	-2.14955	10.806	3.85486	4.58244	-3.14473	-0.00884337	-0.874579	10	3.64	4.01077	-6.0291	-0.472049	-2.04619	11.5473	3.82222	4.61572	-3.15609	-0.0100501	-0.863054	10	3.63944	4.26038	-7.48907	-0.73575	-1.9903	11.9534	3.88123	4.62033	-3.14291	-0.00600037	-0.915955	9.98814	3.6498	
4.23793	-8.65717	-0.857478	-2.21502	10.9827	3.86248	4.65711	-3.13013	-0.00727137	-0.727635	10	3.64	4.33882	-6.49282	-0.153315	-2.2669	11.055	3.93017	4.68819	-3.17676	-0.0129448	-0.890797	10	3.67186	4.66153	-4.80396	-0.146114	-2.11763	10.3277	3.96632	4.67121	-3.18427	-0.0127828	-1.18052	10	3.66522	
4.18854	-8.82336	-0.872755	-2.13505	10.8804	3.85901	4.61443	-3.16258	-0.00795232	-0.913934	10.0264	3.64728	4.24496	-7.21526	-0.386934	-2.03811	11.0029	3.90764	4.61314	-3.14829	-0.00958058	-1.00507	10.0107	3.64333	4.36503	-6.75079	-0.300698	-1.6315	11.1783	3.94784	4.70147	-3.17021	-0.0165635	-1.07178	10	3.65682	
4.14009	-8.26318	-0.534789	-2.09941	10.5967	3.82974	4.5173	-3.27162	-0.0292931	-1.27962	10.0275	3.65368	4.11862	-7.26786	-0.184925	-1.85531	10.1363	3.89058	4.68595	-3.17782	-0.0116385	-0.873099	10	3.66943	4.77398	-4.53215	-0.158058	-2.47022	10.3177	3.97984	4.66008	-3.20015	-0.0114012	-1.19064	10.0236	3.68192	
4.24835	-8.99104	-0.875367	-2.00373	10.6607	3.89128	4.4801	-3.37595	-0.0312199	-1.46212	10.0538	3.65541	4.07199	-8.15453	-0.591248	-1.77782	10.5573	3.8522	4.69249	-3.15985	-0.0108768	-0.774585	10	3.65592	4.38988	-6.51205	-0.295319	-2.16414	11.2775	3.92811	4.64473	-3.15255	-0.00983512	-1.13147	10	3.64699	
4.32824	-8.94817	-0.828751	-1.65429	10.8825	3.89817	4.56452	-3.1635	-0.00913317	-1.12009	10.0225	3.64336	4.28468	-5.72059	-0.119083	-1.81972	10.8233	3.89494	4.69043	-3.17473	-0.0118198	-1.00421	10	3.67018	4.80059	-4.16376	-0.0753065	-2.35917	10.5025	3.97412	4.65111	-3.20855	-0.0108988	-1.37841	10	3.6799	
4.33483	-8.94605	-0.880249	-2.10129	10.8896	3.90341	4.61625	-3.1551	-0.0106111	-1.10999	10	3.64	4.3817	-6.33574	-0.192141	-1.87598	11.046	3.91953	4.69984	-3.16302	-0.013617	-0.785103	10	3.65634	4.61282	-6.29491	-0.354948	-2.21429	11.597	3.95018	4.64086	-3.18537	-0.0103797	-1.25873	10	3.66194	
4.31741	-8.95131	-1.01719	-2.16628	11.3623	3.88134	4.64413	-3.17575	-0.0115259	-1.03084	10.0094	3.64326	4.42399	-6.27152	-0.173045	-1.91371	11.0034	3.90991	4.66253	-3.18076	-0.0102576	-0.923566	10	3.67667	4.46516	-5.57379	-0.126662	-1.96212	10.6133	3.9613	4.65119	-3.21967	-0.0162039	-1.14341	10.0645	3.67205	
4.26603	-9.13581	-1.16159	-2.03202	10.8364	3.87652	4.55552	-3.22011	-0.0201563	-1.0945	10.1038	3.64542	4.06632	-5.96342	-0.184079	-1.81118	10.6087	3.85534	4.66507	-3.18311	-0.0118653	-1.03342	10	3.66219	4.50688	-6.05592	-0.375444	-2.32525	11.7976	3.94748	4.65518	-3.19085	-0.0176465	-1.26072	10.0071	3.65388	
4.28688	-9.08938	-0.92232	-1.90314	10.7616	3.86974	4.65674	-3.11823	-0.0101521	-0.854261	9.99832	3.63708	4.15297	-6.58084	-0.0880521	-1.70446	10.3715	3.92793	4.65289	-3.19871	-0.00929152	-0.911253	10	3.68262	4.81116	-4.55174	-0.100899	-2.36609	10.6093	3.9629	4.69923	-3.29491	-0.0193914	-1.12749	9.99885	3.69638	
4.41739	-9.77365	-1.13019	-1.97602	10.5884	3.92786	4.63706	-3.19328	-0.0162505	-1.07862	10.0054	3.64144	4.22059	-6.04876	-0.140823	-2.16408	10.7671	3.90572	4.63581	-3.17068	-0.00809513	-0.883512	10	3.65493	4.56784	-6.43234	-0.420312	-2.46265	11.5314	3.96134	4.61722	-3.1687	-0.00855111	-1.09238	10	3.65627	
4.13504	-9.15425	-0.88416	-2.17002	10.4294	3.8615	4.55306	-3.22398	-0.0143763	-1.15736	10.0399	3.65532	4.19748	-5.48518	-0.150833	-2.03494	10.5232	3.82124	4.55499	-3.51722	-0.0283413	-1.16	10.0687	3.7002	4.29825	-6.59698	-0.384704	-1.90073	10.8792	3.90413	4.55757	-3.18335	-0.0204324	-1.09407	10.0929	3.64631	
4.17871	-8.96599	-0.967936	-1.93327	10.9396	3.81344	4.69898	-3.13838	-0.00863123	-0.903568	10	3.64	4.21966	-5.60176	-0.167492	-2.1385	10.6163	3.88101	4.66259	-3.16909	-0.00957539	-0.912201	10	3.6539	4.48068	-7.58081	-0.350224	-2.20729	11.3194	3.91421	4.72002	-3.16383	-0.0149812	-1.03104	10	3.65791	
4.15404	-8.99274	-0.8175	-1.79188	10.5959	3.82973	4.64099	-3.13989	-0.00748482	-0.892572	10	3.63793	4.16654	-5.93162	-0.284335	-2.06574	11.4782	3.90752	4.67715	-3.15879	-0.0107443	-0.981379	10	3.65193	4.46343	-6.93977	-0.497862	-2.23135	11.3032	3.91083	4.67058	-3.15643	-0.00946422	-0.914777	10	3.65564	
3.9976	-8.7953	-0.664003	-1.85603	10.637	3.78577	4.64509	-3.13966	-0.00748781	-0.905354	10	3.6416	4.23186	-5.56826	-0.379588	-2.14139	11.9318	3.89452	4.68619	-3.15785	-0.00898854	-1.01856	10	3.65806	4.35157	-7.38093	-0.590908	-2.26016	11.485	3.91877	4.64455	-3.141	-0.0091459	-0.848367	10	3.64218	
4.13345	-9.15561	-0.816939	-1.99189	10.7281	3.82899	4.68035	-3.13645	-0.00878683	-1.06452	10	3.64	4.24979	-6.10802	-0.453836	-2.04629	11.6695	3.91863	4.69285	-3.15372	-0.0104622	-0.947097	10	3.64109	4.34235	-7.54839	-0.717266	-2.07992	11.708	3.90146	4.72664	-3.14462	-0.0119632	-0.965464	10.0186	3.64531	
4.10013	-8.99671	-0.777904	-1.72759	10.5587	3.83101	4.58169	-3.15729	-0.00790092	-1.0666	10	3.64091	4.10773	-6.74378	-0.280376	-2.18128	10.7536	3.84784	4.58481	-3.17074	-0.00886003	-1.10612	10	3.64849	4.42184	-7.28607	-0.617049	-2.13519	11.7132	3.91481	4.6649	-3.15123	-0.00621167	-0.851746	9.99944	3.65024	
4.19009	-9.17531	-0.830223	-1.93316	10.5751	3.86639	4.59251	-3.14972	-0.00864733	-1.06381	10	3.64	4.12475	-6.03702	-0.263641	-2.16528	11.0089	3.88597	4.69341	-3.17652	-0.0122311	-1.09514	10	3.65502	4.45223	-6.63408	-0.342637	-2.21964	11.365	3.93816	4.64504	-3.16857	-0.0127895	-0.931205	10	3.6603	
4.05537	-8.82973	-0.727821	-1.87076	10.2663	3.81004	4.66545	-3.1364	-0.0104278	-1.02898	10	3.63855	4.14813	-6.02729	-0.325384	-1.98895	11.6644	3.89074	4.69804	-3.15964	-0.0113441	-0.963188	10	3.64425	4.46027	-7.75776	-0.626496	-2.07327	11.1272	3.94823	4.66652	-3.1382	-0.0119029	-0.851485	10	3.63962	
4.22129	-9.4772	-0.977119	-1.88723	10.6547	3.84757	4.63892	-3.14954	-0.0079102	-0.903681	10	3.64814	4.3994	-6.37439	-0.351005	-2.13593	11.0675	3.91968	4.70774	-3.15799	-0.0102168	-0.935401	10	3.65365	4.45451	-8.43429	-0.844802	-2.29008	11.5271	3.9235	4.66861	-3.14137	-0.0102361	-0.741925	10	3.64191	
4.3813	-9.54624	-0.971234	-2.037	10.7204	3.85333	4.67214	-3.14198	-0.00981978	-0.912113	10	3.63634	4.24917	-6.08128	-0.205218	-2.08952	10.7517	3.86364	4.65224	-3.17502	-0.0114955	-0.849019	10	3.66651	4.47827	-6.2517	-0.376058	-2.14211	11.1129	3.93509	4.67233	-3.14999	-0.00958165	-0.783509	10	3.64751	
4.189	-9.22594	-0.923162	-1.92462	10.7561	3.84705	4.63731	-3.15094	-0.00668606	-0.899506	10	3.64601	4.31835	-6.8482	-0.176225	-2.01701	10.2956	3.90557	4.66995	-3.21395	-0.0133466	-0.990338	10.0105	3.68908	4.36096	-6.3197	-0.257131	-1.97188	11.292	3.92077	4.66723	-3.19055	-0.016106	-0.999152	10	3.67344	
4.22007	-9.10143	-0.811376	-1.72636	10.6569	3.88808	4.64809	-3.14508	-0.00676374	-0.956978	10	3.6421	4.26826	-6.60083	-0.141417	-1.75102	10.8624	3.9213	4.6819	-3.1579	-0.0101906	-0.890115	10	3.64686	4.46841	-7.12549	-0.421512	-2.3803	11.8001	3.95476	4.67493	-3.19128	-0.0153433	-0.941697	10	3.6742	
4.19909	-8.89854	-0.92629	-2.5236	10.9376	3.82712	4.67453	-3.13731	-0.0101042	-0.90239	10	3.64	4.38107	-5.86153	-0.172344	-1.96927	10.5729	3.93218	4.67642	-3.16921	-0.00803026	-0.812845	10	3.66588	4.63964	-5.61744	-0.144991	-1.96008	10.3231	3.96907	4.70327	-3.15497	-0.0134259	-0.810601	10	3.65396	
4.29398	-9.60475	-1.20091	-1.86528	11.1595	3.89776	4.65579	-3.18144	-0.0207809	-0.962119	10	3.64781	4.42705	-5.77388	-0.114836	-2.04185	10.6837	3.89813	4.69325	-3.18528	-0.010938	-1.10162	10	3.6578	4.67009	-7.34614	-0.334286	-2.54964	11.1849	3.92928	4.66357	-3.16708	-0.0134051	-0.916088	10	3.65285	
4.31676	-9.47087	-1.04394	-2.13697	10.5038	3.85932	4.63272	-3.1564	-0.00873475	-1.0157	10.0021	3.6532	4.45294	-6.07081	-0.151439	-2.25064	10.9184	3.91171	4.67621	-3.19859	-0.00851428	-1.12167	10	3.67654	4.61164	-7.66798	-0.314602	-2.45947	10.8465	3.96065	4.67103	-3.20792	-0.0143893	-0.961403	10	3.68486	
4.2339	-9.00217	-0.724772	-1.97122	10.525	3.88235	4.62459	-3.21218	-0.0169137	-0.979771	10.0529	3.64694	4.31323	-6.20686	-0.134235	-2.17532	10.6836	3.91767	4.68581	-3.17952	-0.0103518	-0.849538	10	3.66497	4.5775	-6.86494	-0.394774	-2.28192	11.7305	3.9543	4.65729	-3.16833	-0.00771237	-0.944076	9.97786	3.68184	
4.30608	-9.29309	-0.705981	-1.83799	10.4849	3.88132	4.60792	-3.14319	-0.00894081	-0.984951	10	3.64095	4.37281	-6.10732	-0.125408	-2.07352	11.0405	3.93382	4.65171	-3.18145	-0.0123718	-1.05466	10	3.66085	4.45386	-5.7757	-0.226001	-2.43442	10.6608	3.951	4.73065	-3.16714	-0.0149687	-1.0112	10	3.65964	
4.12784	-9.0401	-0.819688	-1.86395	10.7869	3.87418	4.6589	-3.14533	-0.0123529	-0.94976	10	3.64119	4.35081	-6.83592	-0.286916	-2.09244	11.1265	3.91377	4.66024	-3.16204	-0.0125283	-0.910165	9.99156	3.65331	4.72113	-6.55091	-0.266359	-2.44373	10.9181	3.94755	4.70877	-3.17713	-0.0161342	-0.775426	10	3.67122	
4.19416	-9.32275	-0.820851	-1.77105	10.332	3.8557	4.63536	-3.14055	-0.00667475	-0.95757	10	3.63898	4.40373	-6.67425	-0.331903	-2.11143	11.1693	3.94073	4.64704	-3.15063	-0.00918135	-0.900048	10	3.6398	4.53694	-7.52047	-0.483498	-2.14556	11.2196	3.91322	4.67656	-3.14939	-0.00993619	-0.785599	10	3.64829	
4.20385	-9.44325	-1.00547	-1.88637	10.6703	3.87744	4.64759	-3.13855	-0.00822091	-0.870857	10	3.64	4.35967	-6.8643	-0.694592	-2.11858	11.8285	3.91951	4.62836	-3.13621	-0.00972228	-0.817542	10	3.63513	4.36657	-8.11018	-0.864176	-2.15734	11.6186	3.89946	4.66877	-3.14175	-0.0106579	-0.765189	10	3.64373	
4.18528	-9.1987	-0.843606	-2.02929	10.5834	3.85191	4.62437	-3.14153	-0.0112735	-1.02865	10	3.64067	4.27901	-7.20976	-0.692659	-2.26733	11.8401	3.93938	4.64217	-3.15656	-0.00940491	-1.01903	10	3.64949	4.33147	-6.23576	-0.442752	-2.13681	11.3002	3.92808	4.67488	-3.14383	-0.0105253	-0.860563	10	3.64614	
4.06553	-9.30669	-0.903617	-2.05112	10.3968	3.77908	4.71127	-3.14261	-0.00832209	-0.92553	10	3.64007	3.94984	-6.28754	-0.787648	-2.23341	12.3321	3.81086	4.7058	-3.13488	-0.0120344	-0.826	10	3.63428	4.24023	-8.34381	-0.997395	-1.96699	11.5629	3.85624	4.69923	-3.13459	-0.0100616	-0.810533	10	3.63852	
4.12566	-8.86691	-0.866531	-1.96566	10.2651	3.84145	4.6271	-3.1641	-0.00785004	-1.18614	9.98762	3.64354	4.3517	-5.08749	-0.100202	-2.26717	10.5639	3.82581	4.64609	-3.21549	-0.00985834	-1.41261	10	3.68052	4.58597	-6.51649	-0.328645	-2.09631	10.7961	3.93851	4.6128	-3.242	-0.0200051	-1.26327	10.0109	3.68389	
4.18162	-8.75863	-0.966799	-1.83667	11.0227	3.87369	4.63192	-3.16135	-0.00968758	-0.970365	10	3.65065	4.47032	-6.64985	-0.0811109	-2.09852	10.5986	3.91186	4.71318	-3.19002	-0.0142562	-1.05371	10	3.67041	4.50166	-6.40342	-0.20383	-2.38634	11.0892	3.9494	4.66886	-3.15072	-0.0113986	-0.846481	10	3.64652	
4.04317	-8.99763	-0.720622	-2.17812	10.4361	3.83238	4.71331	-3.14404	-0.00889446	-0.858106	10	3.64573	4.27399	-6.21502	-0.213075	-2.08485	10.9216	3.91462	4.65963	-3.16898	-0.0104548	-0.960178	10	3.66134	4.4525	-7.37009	-0.287248	-2.0899	10.7638	3.92715	4.70841	-3.14352	-0.0122665	-0.814699	10	3.64422	
4.11474	-8.96869	-0.761706	-2.15577	10.5117	3.82128	4.65347	-3.14851	-0.00786437	-1.0067	10	3.64906	4.39527	-7.26818	-0.284906	-2.0038	10.9095	3.94064	4.63912	-3.1739	-0.00966507	-1.01019	9.991	3.65784	4.4422	-7.87146	-0.446713	-2.11185	11.1151	3.93779	4.67346	-3.1454	-0.0114148	-0.823453	10	3.64622	
4.12738	-9.00187	-0.807842	-1.72317	10.4849	3.82384	4.69663	-3.14567	-0.00789633	-0.821512	10	3.6446	4.39397	-6.24525	-0.415638	-2.28138	11.7061	3.92751	4.64023	-3.17725	-0.00997197	-1.02085	10	3.65775	4.4177	-7.57177	-0.634247	-2.34624	11.5557	3.93125	4.66886	-3.14532	-0.00988333	-0.743812	10	3.64675	
4.19586	-9.25467	-0.88871	-1.65523	10.6477	3.83187	4.67298	-3.14	-0.00979921	-0.942212	9.99734	3.64012	4.19151	-6.92851	-0.498606	-2.31451	11.3865	3.91503	4.62944	-3.20871	-0.0110819	-0.957526	10	3.64979	4.37828	-7.86803	-0.494281	-2.04571	10.8146	3.90805	4.68391	-3.13759	-0.0119505	-0.758862	10	3.63863	
4.23701	-9.5704	-0.968436	-1.91936	10.3478	3.86442	4.62089	-3.16571	-0.00762958	-1.0479	10	3.64861	4.48602	-6.56889	-0.27529	-2.07965	11.2724	3.9381	4.69563	-3.27277	-0.0130801	-1.28902	10	3.7196	4.28034	-6.61286	-0.542727	-2.27105	11.2194	3.94765	4.66763	-3.16262	-0.0127963	-0.971775	10	3.6506	
4.08171	-9.13652	-0.850664	-1.95256	10.6026	3.82517	4.66995	-3.14988	-0.0088295	-0.999972	10	3.64465	4.48068	-6.8855	-0.267263	-2.03813	10.9609	3.91399	4.69918	-3.17415	-0.0125855	-0.866275	10	3.65602	4.46026	-5.95833	-0.281519	-2.49201	10.9885	3.92502	4.69134	-3.14224	-0.0122259	-0.770307	10	3.64062	
4.16863	-9.31764	-0.995919	-1.81887	10.6939	3.83758	4.63722	-3.15553	-0.00907323	-0.980891	10.005	3.64669	4.24517	-6.52517	-0.434203	-2.08464	11.5934	3.90276	4.62125	-3.17443	-0.00847378	-1.02699	10	3.65686	4.43534	-7.87071	-0.672427	-2.18298	11.4283	3.92553	4.65705	-3.13986	-0.0093219	-0.838283	10	3.63823	
4.16258	-9.20261	-0.946442	-1.78701	10.4633	3.85555	4.60674	-3.15936	-0.00979729	-0.976311	10	3.64821	4.34409	-6.13562	-0.355336	-2.19856	11.4016	3.89972	4.7161	-3.18891	-0.00880337	-1.25438	10	3.67845	4.3624	-7.47315	-0.469031	-2.10391	10.7317	3.91646	4.63609	-3.15417	-0.0128047	-0.840059	10	3.64703	
4.32436	-9.92903	-1.16051	-1.8194	10.6584	3.84416	4.61755	-3.24009	-0.00832558	-1.01351	10	3.66372	4.2909	-6.76826	-0.279743	-2.04575	11.1176	3.91143	4.62842	-3.26287	-0.0105255	-1.30931	10	3.6981	4.26173	-6.188	-0.54308	-2.12428	11.0097	3.92091	4.67941	-3.18432	-0.0108004	-0.994406	10	3.6698	
4.26531	-9.65222	-1.13117	-1.89985	10.7963	3.86766	4.65949	-3.16494	-0.00781919	-1.13751	10.026	3.64731	4.46486	-5.18491	-0.161027	-2.45401	11.18	3.90297	4.66389	-3.16995	-0.012537	-0.955942	10	3.65333	4.4563	-6.24169	-0.322052	-2.53399	11.1066	3.96081	4.67754	-3.17312	-0.0118389	-0.792142	10.0121	3.66057	
4.26669	-9.92618	-1.07263	-2.03068	10.3687	3.8422	4.62796	-3.16674	-0.00867522	-1.28038	10	3.64087	4.37607	-6.63396	-0.236305	-1.85056	10.7782	3.93273	4.66879	-3.22965	-0.0124833	-1.00829	10.0197	3.68173	4.3741	-7.694	-0.674432	-2.34736	10.9522	3.90465	4.64375	-3.16757	-0.00844839	-1.06477	10.0096	3.65382	
4.22594	-9.78399	-1.01744	-1.87834	10.642	3.852	4.67364	-3.1638	-0.00661247	-1.09783	10	3.65384	4.46614	-7.25263	-0.247681	-1.89656	10.5268	3.94125	4.67065	-3.23353	-0.0174944	-1.26459	10	3.6762	4.35139	-7.5051	-0.67214	-2.16526	11.0748	3.90987	4.67255	-3.20153	-0.0153533	-1.03077	10.0315	3.6566	
4.29024	-9.86224	-0.950341	-1.89815	10.2357	3.86342	4.67314	-3.16515	-0.0116064	-1.10856	10	3.65118	4.39196	-6.93845	-0.288342	-2.34055	10.8254	3.91847	4.62768	-3.19729	-0.0104901	-1.08287	10	3.66192	4.32517	-7.62984	-0.638845	-2.26578	11.5779	3.91726	4.63909	-3.15768	-0.0125307	-0.958957	10	3.64448	
4.25229	-9.70722	-0.981319	-1.99769	10.2342	3.85994	4.66592	-3.17635	-0.0102709	-1.09829	10	3.66101	4.4552	-6.51573	-0.35154	-1.78112	11.2823	3.93185	4.64591	-3.22887	-0.0128488	-1.10146	10	3.68276	4.33587	-7.74317	-0.600571	-2.04017	10.9228	3.91901	4.65289	-3.14895	-0.00934152	-1.10288	10	3.63581	
4.26813	-9.97195	-1.03671	-1.76462	10.4123	3.87828	4.65005	-3.16793	-0.0103053	-1.15965	10	3.64819	4.25855	-6.84418	-0.255847	-1.87244	10.7319	3.90957	4.65026	-3.25453	-0.012501	-1.27825	10	3.68171	4.36884	-7.55446	-0.709003	-1.86327	10.9736	3.93199	4.65812	-3.16241	-0.0069932	-1.00692	10	3.65196	
4.16921	-8.89746	-0.72317	-1.71185	10.3677	3.80601	4.6657	-3.13635	-0.00893833	-0.886848	10	3.63633	4.26616	-5.99738	-0.146256	-1.7473	10.8248	3.89241	4.62802	-3.15803	-0.00878407	-1.05077	10	3.65105	4.29465	-7.22656	-0.224464	-2.19628	10.6678	3.91051	4.74044	-3.13453	-0.012369	-0.849963	10	3.6324	
4.18051	-9.67212	-1.08468	-2.08395	10.4743	3.84046	4.67836	-3.18235	-0.0115411	-0.977767	10	3.6573	4.28284	-6.77761	-0.315699	-2.01092	10.7205	3.90371	4.64209	-3.24332	-0.0134686	-1.27422	10.0249	3.67723	4.40398	-8.48173	-1.06949	-2.22242	11.6791	3.92183	4.63191	-3.1552	-0.00688446	-0.974033	10	3.63995	
