 -7.2576295892126741e-001 -7.3343966174626252e-001 -7.5394580641483022e-001 -7.6268113891524358e-001 -7.8606459801344852e-001  1.0000000000000000e+000
 -8.9484478786801477e-002 -1.0663750775025195e-001 -1.0470662952334188e-001 -1.0147722638723920e-001 -1.3482699715786833e-001  1.0000000000000000e+000
 -4.1625738186843481e-001 -4.1734452756031465e-001 -4.1432318159613052e-001 -4.2250981343946270e-001 -4.3470159747691739e-001  1.0000000000000000e+000
 -4.7417337159946094e-001 -4.5005942054064707e-001 -4.6195486722170159e-001 -4.8922315189770837e-001 -5.3139871720019705e-001  1.0000000000000000e+000
 -1.7461617278583821e-001 -1.8295816603134801e-001 -1.8093430839198180e-001 -1.6774718734404168e-001 -1.5957279775285022e-001  1.0000000000000000e+000
 -2.8510359607701413e-001 -2.6073752246602006e-001 -2.7473004681750662e-001 -2.6177169045582432e-001 -2.5645549160926101e-001  1.0000000000000000e+000
 -4.4725394923924028e-001 -4.3238296994731917e-001 -4.6828955766469665e-001 -4.7826221762944737e-001 -4.9783450101417032e-001  1.0000000000000000e+000
 -1.5894347302308595e-001 -1.5288591323620337e-001 -1.5829038383968064e-001 -1.6186630466001276e-001 -1.6099763035654815e-001  1.0000000000000000e+000
 -1.9401168249562149e-002 -1.9714602325381081e-002 -1.9344939672408752e-002 -1.9559600336962173e-002 -1.9411376077518402e-002  1.0000000000000000e+000
 -7.5399098592959124e-001 -8.0343652281115807e-001 -8.1240379359629866e-001 -8.6072950393630288e-001 -8.7900057069922888e-001  1.0000000000000000e+000
 -4.5130990174254709e-001 -5.0013744185670483e-001 -5.6335940237046789e-001 -5.0160305713808329e-001 -4.8143758792236424e-001  1.0000000000000000e+000
 -7.8492681571443967e-001 -8.3061978676824832e-001 -7.8196251396208960e-001 -7.4733106784458048e-001 -7.4405068161877541e-001  1.0000000000000000e+000
 -9.3869073433048433e-001 -9.3757926798424429e-001 -9.3057560780869586e-001 -9.2877972125909691e-001 -9.1783231645857566e-001  0.0000000000000000e+000
 -9.4306370504849224e-001 -9.0539032173692546e-001 -8.2068820611995852e-001 -7.1627384806250982e-001 -6.6427924420721185e-001  0.0000000000000000e+000
 -8.7268017288837763e-001 -9.1718389386825550e-001 -9.4325040646661695e-001 -9.4744401035842130e-001 -9.8068320273106602e-001  0.0000000000000000e+000
 -1.0000000000000000e+000 -9.3727121429654825e-001 -9.2496348363048542e-001 -8.7455655725953751e-001 -8.0818257561433715e-001  0.0000000000000000e+000
 -9.9864927358366673e-001 -1.0000000000000000e+000 -9.7405195882949824e-001 -9.3154676623407040e-001 -8.9545744367115265e-001  0.0000000000000000e+000
 -8.6316634205663101e-001 -8.4407501171470301e-001 -8.1956793283149942e-001 -8.1054703573548048e-001 -8.0427716289934847e-001  0.0000000000000000e+000
 -9.5660816825040351e-001 -9.5651290680354228e-001 -9.4432793625662204e-001 -9.8460690303276655e-001 -1.0000000000000000e+000  0.0000000000000000e+000
 -9.4718894932130238e-001 -9.4078488090825196e-001 -9.3943067717181938e-001 -9.6658132317476264e-001 -1.0000000000000000e+000  0.0000000000000000e+000
 -1.0000000000000000e+000 -9.5959569426364055e-001 -9.2894441529182714e-001 -9.0820590856693950e-001 -9.1492743645459107e-001  0.0000000000000000e+000
 -3.8623140667387590e-002 -3.9178459185967358e-002 -3.9104960467649240e-002 -3.9122958504538889e-002 -3.8603428256875037e-002  0.0000000000000000e+000
 -9.4304948445829018e-001 -9.1422011178604334e-001 -8.9860650126931585e-001 -9.0060377399168889e-001 -8.7859367336269012e-001  0.0000000000000000e+000
 -7.2714563317839531e-001 -7.3740523820501058e-001 -7.1849978715391327e-001 -7.1746471531945444e-001 -7.1233660008981314e-001  0.0000000000000000e+000
